# generated k=12 dist=spiral tight=tight seed=0
# OPT 98.6358
# ROUTE 0 6 11 3 4 10 8 9 7 12 2 1 5 0
10.000000 1.000000
0.000000 0.000000
12
1 2.887363 -1.351481 99.905737
2 3.784823 11.439350 88.098919
3 -13.941878 9.956712 25.640790
4 -24.046089 -13.543087 56.813283
5 4.386386 -36.437412 95.474496
6 43.226959 -18.747453 6.514855
7 44.097533 37.032934 69.232069
8 -14.415886 65.580713 48.874687
9 -67.827701 12.683758 79.911922
10 -47.003952 -63.623645 35.844823
11 40.861177 -80.539839 15.877292
12 99.374832 -0.760047 108.822292
