# generated k=12 dist=sparse tight=tight seed=3
# OPT 393.0083
# ROUTE 0 2 1 6 12 9 11 7 10 5 8 3 4 0
10.000000 1.000000
0.000000 0.000000
12
1 -85.950071 245.477636 43.770765
2 59.174938 269.917304 28.815294
3 -284.649150 -15.627866 392.135805
4 -274.243015 114.521705 379.250669
5 57.729122 -78.644056 337.714172
6 -198.718222 140.301733 62.890920
7 -16.447045 249.663959 255.618869
8 -76.372776 -178.139948 322.463196
9 -276.875813 -135.861124 181.232917
10 182.838973 -48.113337 290.604509
11 103.838351 285.169198 240.494084
12 263.978422 -289.029039 124.463250
