# generated k=12 dist=uniform tight=tight seed=1
# OPT 88.5969
# ROUTE 0 10 9 8 6 1 7 4 12 2 3 11 5 0
10.000000 1.000000
0.000000 0.000000
12
1 -30.868527 -4.306253 56.887666
2 34.698116 -68.314358 92.901843
3 51.110627 -29.398759 80.932903
4 -19.133265 83.925656 67.490081
5 26.913398 -17.206567 112.269459
6 -33.692198 -21.368700 33.938208
7 -10.550261 81.153243 48.983436
8 51.182019 -73.607041 23.916362
9 94.584102 26.646723 12.868256
10 49.735396 15.651115 5.284791
11 42.456006 -4.055111 85.684102
12 -47.244307 -53.159906 99.902641
