# generated k=12 dist=uniform tight=tight seed=2
# OPT 120.9431
# ROUTE 0 12 11 10 8 6 7 4 9 3 2 1 5 0
10.000000 1.000000
0.000000 0.000000
12
1 -77.247751 88.014526 140.143241
2 68.384667 88.144768 156.136223
3 16.063534 12.229002 87.954258
4 -69.261967 -65.775093 63.976858
5 -22.261364 10.043704 169.579159
6 25.881073 57.093658 47.689670
7 4.159659 21.215694 167.098710
8 82.707611 -97.415389 115.968808
9 -38.610062 -89.922268 102.854616
10 82.551606 -99.607449 27.880264
11 68.700709 50.469097 82.763297
12 71.998725 59.850163 13.022169
