# generated k=12 dist=spiral tight=tight seed=3
# OPT 94.3831
# ROUTE 0 1 9 3 7 12 10 4 5 11 6 2 8 0
10.000000 1.000000
0.000000 0.000000
12
1 2.921888 -1.869487 1.245170
2 5.794705 9.547907 96.279884
3 -17.043995 6.945037 58.088336
4 -22.534570 -13.196661 56.417623
5 -1.648402 -36.396080 65.827753
6 39.701248 -20.382908 78.903176
7 43.871525 36.950314 24.512045
8 -16.382798 63.877631 91.125165
9 -72.372125 16.926094 10.035180
10 -50.326005 -66.876431 49.275078
11 36.330171 -81.898145 70.938330
12 102.452528 -1.416711 33.428600
