# generated k=12 dist=linear tight=tight seed=1
# OPT 109.2794
# ROUTE 0 9 5 6 10 2 8 4 1 12 3 11 7 0
10.000000 1.000000
0.000000 0.000000
12
1 -59.704756 -64.892990 56.074978
2 -21.036618 -14.377438 22.241950
3 66.075699 68.605785 120.279355
4 35.394732 38.363538 41.619737
5 52.937379 52.442692 11.193396
6 7.991327 17.280913 19.107475
7 -67.660645 -69.736708 99.266839
8 -46.306141 -52.748275 29.297095
9 46.166811 45.419941 11.243231
10 -22.235764 -12.668589 21.791405
11 71.035116 74.139058 77.805939
12 -49.933593 -53.638068 61.257156
