# generated k=12 dist=linear tight=tight seed=4
# OPT 66.6144
# ROUTE 0 8 10 3 1 7 12 11 5 4 6 9 2 0
10.000000 1.000000
0.000000 0.000000
12
1 2.336146 20.968130 36.178372
2 -15.580518 88.179754 59.792126
3 -2.913698 39.150627 17.026262
4 7.448480 -64.348440 75.596807
5 4.144033 -99.093117 80.723200
6 4.443448 -42.892273 45.570530
7 -1.595198 2.467706 33.927116
8 -8.047301 52.915895 5.767878
9 -7.924343 57.240705 54.671337
10 -11.827112 82.414036 11.348973
11 3.674520 -52.231954 28.666363
12 -1.670172 -19.015923 33.161688
