# generated k=12 dist=linear tight=loose seed=1
# OPT 46.3342
# ROUTE 0 12 5 9 7 8 11 2 10 3 6 1 4 0
10.000000 1.000000
0.000000 0.000000
12
1 43.698000 19.310636 161.300100
2 68.784812 24.207080 106.770440
3 61.492952 23.343164 121.493809
4 16.487714 4.971336 96.960249
5 -77.838641 -31.904081 84.801039
6 51.032993 20.516355 162.518658
7 -30.731910 -12.856611 130.910973
8 -4.292641 -6.127666 146.405664
9 -53.148907 -22.348247 153.262560
10 80.779429 32.068558 198.024652
11 0.765165 -4.904602 88.296115
12 -46.870672 -16.360757 158.024209
