# generated k=12 dist=uniform tight=loose seed=3
# OPT 77.6587
# ROUTE 0 6 9 11 8 4 5 3 10 1 2 7 12 0
10.000000 1.000000
0.000000 0.000000
12
1 -40.192444 -87.746102 159.668635
2 57.747154 -66.858533 149.885302
3 -34.546861 -10.031407 185.314586
4 -50.581097 91.665060 160.456655
5 -32.407124 59.899117 83.896193
6 0.629805 9.215801 72.168716
7 27.197784 -35.389241 99.198027
8 16.946624 65.420934 112.068157
9 24.675856 14.858017 36.788089
10 -95.859397 -25.527744 229.434708
11 52.583856 63.133933 197.805679
12 -5.701043 -26.855506 154.765975
