# generated k=12 dist=sparse tight=tight seed=1
# OPT 364.8774
# ROUTE 0 3 6 8 4 10 1 12 2 7 11 5 9 0
10.000000 1.000000
0.000000 0.000000
12
1 280.522084 139.358297 160.477608
2 -33.101186 -294.273888 268.724701
3 -72.290887 -48.673257 10.188792
4 203.681776 -94.462055 76.310234
5 -117.063364 164.306806 352.884901
6 179.056078 95.634738 151.817170
7 -25.832173 -264.335901 273.149007
8 244.167474 149.290046 50.935780
9 -34.628275 194.668630 346.289431
10 -140.528769 134.638584 116.261018
11 -218.707978 215.699261 325.021197
12 -297.034353 79.420812 222.689261
