# generated k=12 dist=clustered tight=tight seed=0
# OPT 73.7765
# ROUTE 0 5 12 4 7 8 1 3 9 6 10 11 2 0
10.000000 1.000000
0.000000 0.000000
12
1 -26.227445 27.770593 67.462944
2 -18.108105 26.147711 72.092494
3 -19.100228 19.089487 80.856090
4 -20.864800 48.905798 30.640852
5 87.400914 -50.800704 10.765667
6 -30.155489 45.176287 63.052630
7 -40.224741 49.805196 30.330323
8 -29.209775 31.921097 33.391062
9 66.205649 -49.681938 49.401135
10 -33.752711 50.487563 74.531823
11 -20.385696 33.356793 68.359566
12 66.845011 -37.734008 49.672390
