# generated k=12 dist=linear tight=tight seed=0
# OPT 71.8742
# ROUTE 0 9 8 1 12 3 5 10 4 7 2 11 6 0
10.000000 1.000000
0.000000 0.000000
12
1 -16.941598 -28.545737 44.460556
2 -54.090802 -70.626246 87.188797
3 56.625616 74.638577 56.561938
4 9.497346 5.911925 77.138103
5 32.705767 49.308926 104.354697
6 -1.514996 0.291183 76.634731
7 -12.999966 -16.419612 70.312146
8 -42.445385 -54.918378 19.655282
9 24.251130 38.630973 5.086912
10 9.790654 14.073671 101.000662
11 -8.626139 -6.053964 71.201200
12 39.534634 52.439819 32.877185
