# generated k=12 dist=sparse tight=loose seed=3
# OPT 209.6761
# ROUTE 0 7 12 4 6 3 8 10 1 5 2 9 11 0
10.000000 1.000000
0.000000 0.000000
12
1 93.643943 -165.369461 260.594924
2 116.438373 80.850196 277.957758
3 9.164385 -232.452010 99.645775
4 -201.339410 141.267054 252.933245
5 83.526019 58.744307 202.741045
6 -259.364366 -159.086946 368.018043
7 -29.079799 -65.590514 80.647284
8 57.930418 -266.672924 402.015984
9 73.502323 281.217677 465.198537
10 149.866793 -208.496440 176.125369
11 -41.068129 41.495545 242.511604
12 -186.949224 153.220309 82.818058
