# generated k=12 dist=spiral tight=loose seed=4
# OPT 74.2092
# ROUTE 0 1 2 3 4 10 9 8 7 12 6 11 5 0
10.000000 1.000000
0.000000 0.000000
12
1 1.667172 1.227102 21.005619
2 0.884196 9.806318 69.625498
3 -13.707953 9.138358 98.751086
4 -30.188754 -15.934320 126.177476
5 2.016168 -33.050185 83.934793
6 40.775829 -17.665691 136.933964
7 41.000295 35.650122 77.146288
8 -16.715144 63.649298 66.850965
9 -69.989107 15.033998 120.887965
10 -50.436986 -66.995976 139.469795
11 39.296212 -82.015908 126.027145
12 101.155154 3.109222 113.285529
