# generated k=12 dist=linear tight=tight seed=2
# OPT 90.3825
# ROUTE 0 4 1 7 5 11 6 2 12 9 8 3 10 0
10.000000 1.000000
0.000000 0.000000
12
1 39.163535 -9.365995 17.167756
2 -84.671832 20.933080 83.414723
3 -38.815655 10.267224 90.972273
4 -50.619499 12.118473 5.599045
5 -74.666654 24.658971 30.367320
6 -71.247226 18.890985 83.926795
7 -57.959607 12.178613 26.987410
8 11.442142 -4.581750 97.383816
9 67.250949 -18.104784 66.795071
10 -63.470449 18.652699 88.674798
11 -7.795978 2.984456 39.738479
12 -90.282059 20.389795 49.468109
