# generated k=12 dist=uniform tight=tight seed=4
# OPT 146.0770
# ROUTE 0 5 7 1 11 2 12 8 6 10 4 3 9 0
10.000000 1.000000
0.000000 0.000000
12
1 19.027229 87.079469 46.150837
2 -46.394300 95.437749 65.313570
3 70.557603 -55.935291 129.726520
4 39.917286 -31.487898 123.364237
5 -27.094763 98.528271 11.655585
6 -90.694243 97.536872 101.291801
7 24.577758 -67.920621 31.052666
8 28.296404 56.280780 89.715739
9 -47.808811 -39.101926 139.524397
10 -56.005859 67.506015 106.448601
11 26.746474 18.189635 55.575744
12 89.830405 56.140748 81.817300
