# generated k=12 dist=sparse tight=loose seed=2
# OPT 217.6739
# ROUTE 0 4 1 2 8 11 9 7 5 12 10 6 3 0
10.000000 1.000000
0.000000 0.000000
12
1 -104.640612 -47.104236 310.455208
2 -142.599698 -217.959818 349.179314
3 -290.287364 0.233023 282.712044
4 -63.486218 -8.560871 114.907165
5 101.303704 297.162009 127.444539
6 -165.478592 97.527033 190.745161
7 237.901497 -95.038012 287.142382
8 6.340076 -190.225811 279.329697
9 149.335533 -121.562069 346.150541
10 -217.697135 259.155716 180.225562
11 87.301360 -169.680303 116.653975
12 -69.152061 269.582220 157.926919
