# generated k=12 dist=sparse tight=tight seed=4
# OPT 328.5463
# ROUTE 0 9 6 4 8 7 2 1 10 11 5 12 3 0
10.000000 1.000000
0.000000 0.000000
12
1 3.213435 115.036260 225.029637
2 139.142920 -251.631135 155.396071
3 -108.251414 287.169064 314.577659
4 -74.416853 49.636632 84.222986
5 70.846641 79.032628 287.953159
6 177.348600 -275.113461 42.180750
7 140.310273 -288.578200 151.300546
8 -220.286181 -99.708309 107.693529
9 200.720859 -85.645888 25.638658
10 -125.262870 215.251941 209.891597
11 199.812762 154.371918 246.966651
12 -38.264891 57.204152 273.477864
