# generated k=12 dist=clustered tight=loose seed=1
# OPT 39.1757
# ROUTE 0 9 2 6 8 1 11 12 5 10 7 3 4 0
10.000000 1.000000
0.000000 0.000000
12
1 86.144980 -65.690402 112.175808
2 73.020123 -53.959196 110.373897
3 62.457203 -76.633254 56.804241
4 64.017319 -70.296318 124.362249
5 66.325503 -88.640077 80.579657
6 78.326078 -51.674924 88.568343
7 63.658768 -89.509818 121.137318
8 88.708198 -52.111278 126.972660
9 69.728595 -44.563231 87.063244
10 65.232366 -90.278794 95.629073
11 79.300410 -70.456743 82.278862
12 78.397848 -73.048448 34.413201
