# generated k=12 dist=linear tight=loose seed=3
# OPT 46.2701
# ROUTE 0 5 2 1 9 10 7 8 11 6 3 12 4 0
10.000000 1.000000
0.000000 0.000000
12
1 -15.548313 -22.103210 66.545527
2 -6.575295 -10.405851 117.442313
3 37.624079 54.726224 134.259503
4 16.213430 31.216993 65.094857
5 -3.885482 -4.267002 148.469056
6 29.271734 42.380085 149.513320
7 -39.795722 -52.842956 71.563341
8 -47.461669 -72.063527 106.184746
9 -17.878111 -22.658539 72.841530
10 -21.316189 -31.782169 148.028408
11 -21.253271 -43.895771 125.238765
12 43.301248 71.408751 90.711208
