# generated k=12 dist=sparse tight=loose seed=4
# OPT 226.2229
# ROUTE 0 10 4 1 7 3 11 5 9 2 12 6 8 0
10.000000 1.000000
0.000000 0.000000
12
1 -186.126571 -19.326940 408.316880
2 23.385248 85.911245 184.682490
3 -67.649024 186.410560 90.188845
4 -225.791279 -105.832906 82.371536
5 194.044765 287.945196 179.499085
6 161.323092 -210.573113 317.842407
7 -98.819190 20.778583 367.794997
8 31.823484 -120.134208 302.698914
9 256.696085 218.252430 435.874597
10 102.874930 -21.641549 87.739653
11 -51.005962 275.462085 209.916363
12 155.681282 -26.109960 188.965093
