# generated k=12 dist=linear tight=loose seed=2
# OPT 46.5235
# ROUTE 0 8 11 2 1 7 6 5 3 9 12 10 4 0
10.000000 1.000000
0.000000 0.000000
12
1 -28.477751 -27.524287 177.028526
2 -48.910686 -48.086182 136.045568
3 47.880128 58.519211 113.127982
4 10.081573 9.781668 204.359304
5 41.584152 45.402233 122.636328
6 12.924529 17.529966 121.635508
7 5.243121 11.373690 141.087914
8 -12.387177 -16.801950 102.551885
9 44.520937 43.027895 134.998309
10 17.773299 16.621790 105.165027
11 -64.919551 -69.864673 140.611586
12 28.435630 28.436088 126.180715
