# generated k=12 dist=clustered tight=loose seed=4
# OPT 26.8759
# ROUTE 0 7 4 10 1 11 3 5 2 8 9 12 6 0
10.000000 1.000000
0.000000 0.000000
12
1 31.496888 32.938743 83.925090
2 43.787717 7.632824 109.950551
3 37.506455 19.635702 71.430614
4 0.561731 11.948876 89.857489
5 42.293937 7.468556 112.362314
6 8.192794 6.569249 54.772950
7 0.789280 6.496415 109.052902
8 50.552174 -1.165133 67.830997
9 34.316042 7.282254 146.426684
10 27.352681 29.240142 58.018101
11 40.217210 22.952237 101.303374
12 19.093856 2.978900 131.125794
