# generated k=12 dist=clustered tight=loose seed=3
# OPT 47.0614
# ROUTE 0 8 10 4 5 11 7 12 3 9 6 2 1 0
10.000000 1.000000
0.000000 0.000000
12
1 -53.632530 9.385250 196.913236
2 -57.202594 4.097961 170.727383
3 77.209616 9.982250 126.884091
4 76.741456 -0.329313 113.949232
5 81.986256 -2.980490 107.410794
6 -63.654725 15.260002 113.820163
7 95.002390 -8.556168 46.248049
8 61.389428 -1.053579 109.304730
9 -57.750956 17.204135 182.124794
10 64.139073 -4.605340 61.953484
11 84.994196 -5.432051 81.518458
12 96.573918 7.987209 146.793321
