# generated k=12 dist=uniform tight=tight seed=3
# OPT 98.0755
# ROUTE 0 6 2 1 10 5 8 12 7 9 3 11 4 0
10.000000 1.000000
0.000000 0.000000
12
1 40.055213 86.179375 85.350456
2 64.882786 70.014185 11.299859
3 -86.184714 -20.782521 111.862518
4 84.956360 -45.794587 138.840042
5 29.912679 -25.731835 36.048431
6 19.018156 8.288435 22.045112
7 82.121739 21.898940 97.309827
8 88.017672 -6.299752 133.030933
9 49.458331 11.593915 52.154211
10 -27.224865 50.591581 26.322036
11 -96.310634 -23.039034 69.640967
12 97.383418 3.141862 44.920071
