# generated k=12 dist=clustered tight=tight seed=3
# OPT 58.1379
# ROUTE 0 9 10 1 6 8 4 11 5 12 3 2 7 0
10.000000 1.000000
0.000000 0.000000
12
1 74.040696 -1.356742 39.757079
2 91.048456 3.537581 55.863115
3 92.690970 5.113295 57.304662
4 75.600623 -49.669622 44.031912
5 88.710168 7.279670 50.943733
6 78.827705 6.801131 21.849980
7 29.847267 -33.285011 63.253304
8 71.586731 -62.416201 29.403970
9 84.618765 -43.483537 9.966215
10 50.547890 -29.015518 15.987748
11 86.128723 6.084654 38.742573
12 88.360246 17.076763 71.547669
