# generated k=12 dist=sparse tight=loose seed=1
# OPT 216.3868
# ROUTE 0 3 8 12 10 6 11 4 9 7 5 1 2 0
10.000000 1.000000
0.000000 0.000000
12
1 89.343154 -54.020752 192.622432
2 188.418413 -278.517586 364.804751
3 -33.001047 -8.767160 238.157365
4 -279.097797 131.567429 149.484946
5 207.894588 135.726408 367.252795
6 -133.789127 -185.733460 356.984042
7 176.073436 189.144778 266.395827
8 -18.470348 -44.926129 222.833698
9 36.491995 276.231018 158.967517
10 -120.932860 -151.373696 76.476083
11 -293.468258 17.986791 192.903054
12 -29.921573 -132.775362 234.345300
