# generated k=12 dist=spiral tight=loose seed=1
# OPT 73.0273
# ROUTE 0 4 10 5 11 6 12 7 8 9 3 2 1 0
10.000000 1.000000
0.000000 0.000000
12
1 6.111149 0.836784 135.257509
2 0.042955 10.193724 118.179500
3 -18.560878 13.748694 125.447143
4 -22.853275 -18.490520 112.396566
5 0.170641 -39.449885 126.187402
6 41.612108 -19.158830 147.457350
7 40.539873 34.695480 65.074356
8 -16.597218 62.354563 57.851864
9 -65.960010 10.337892 87.305323
10 -48.969749 -66.333587 111.256588
11 37.758337 -80.436788 65.529307
12 101.820648 -3.319073 171.275490
