# generated k=12 dist=spiral tight=tight seed=4
# OPT 83.5607
# ROUTE 0 10 4 2 7 12 6 11 5 3 9 8 1 0
10.000000 1.000000
0.000000 0.000000
12
1 3.009924 4.398969 107.342741
2 0.731046 12.083033 30.350173
3 -15.691544 9.601351 78.143191
4 -27.264649 -15.862877 53.755929
5 2.519036 -38.173411 103.075793
6 44.861253 -16.933247 48.875536
7 42.887838 39.435091 26.155161
8 -16.737588 67.122419 84.688780
9 -69.892904 18.055234 93.218572
10 -46.288669 -65.202571 10.077650
11 39.104835 -84.659485 66.027517
12 93.527477 -2.227931 41.008021
