# generated k=12 dist=uniform tight=tight seed=0
# OPT 87.6919
# ROUTE 0 9 3 2 10 6 5 7 4 12 8 1 11 0
10.000000 1.000000
0.000000 0.000000
12
1 53.680413 18.263991 71.555986
2 72.104673 -79.035916 28.459574
3 -66.617256 -48.906144 41.278302
4 11.009867 -13.444271 53.719003
5 -2.688042 -82.834391 59.124161
6 72.134622 -67.383027 111.990868
7 -11.891930 -35.944314 132.884098
8 74.201949 -35.568927 78.593908
9 -78.965309 -11.204055 9.852449
10 86.752715 -71.479695 116.816108
11 -18.345651 73.495240 96.299675
12 20.685082 1.887418 124.133632
