# generated k=12 dist=spiral tight=loose seed=0
# OPT 74.9602
# ROUTE 0 1 2 3 4 10 9 8 7 12 6 11 5 0
10.000000 1.000000
0.000000 0.000000
12
1 2.870261 0.484951 97.549975
2 1.067078 14.334349 106.608281
3 -17.468577 10.903727 195.785113
4 -23.323645 -13.579302 122.039842
5 0.731979 -34.442805 120.388815
6 37.889561 -20.446596 105.004320
7 40.960680 36.624546 118.428193
8 -16.529525 60.092112 79.917813
9 -73.067882 13.184604 52.415569
10 -50.688529 -64.749101 26.093334
11 37.725326 -81.437818 120.889676
12 101.962407 -1.621966 124.969827
