# generated k=12 dist=spiral tight=tight seed=1
# OPT 85.0683
# ROUTE 0 1 3 9 5 6 12 11 10 4 8 7 2 0
10.000000 1.000000
0.000000 0.000000
12
1 1.577354 3.143036 19.247270
2 1.763178 13.783688 95.090880
3 -16.302069 14.022053 5.507607
4 -24.039039 -11.143953 89.004823
5 3.472182 -38.434977 21.608499
6 43.278304 -17.400680 27.544486
7 43.725195 37.609197 101.328541
8 -15.045701 66.026295 80.184253
9 -68.095600 17.041363 10.674435
10 -48.880560 -64.942684 53.985618
11 39.601510 -84.057699 64.840550
12 100.408688 0.372214 34.729130
