# generated k=12 dist=linear tight=loose seed=4
# OPT 45.2933
# ROUTE 0 11 3 6 10 8 5 4 1 2 12 7 9 0
10.000000 1.000000
0.000000 0.000000
12
1 31.673901 59.714754 138.718608
2 39.343191 72.440887 54.139247
3 -21.895094 -48.048454 75.835683
4 -4.008642 4.368683 130.617588
5 -11.090708 -10.372206 123.759127
6 -28.333314 -55.985554 57.295906
7 12.207155 22.105921 51.954951
8 -43.037990 -71.303598 72.124126
9 5.950416 7.537913 100.861560
10 -38.376597 -65.240645 88.825567
11 -2.592644 -8.615105 169.563471
12 12.911592 23.600939 98.281450
