# generated k=12 dist=spiral tight=loose seed=2
# OPT 77.1661
# ROUTE 0 4 10 5 6 11 12 7 8 9 3 2 1 0
10.000000 1.000000
0.000000 0.000000
12
1 1.419343 0.119812 85.847840
2 5.226572 10.912079 129.133005
3 -14.658531 13.737703 175.793899
4 -25.196680 -12.927967 30.697330
5 -2.099158 -33.331515 62.779783
6 40.127568 -19.431556 27.875550
7 42.969932 34.505852 109.053764
8 -15.628902 63.290786 117.796305
9 -72.176664 14.751955 144.011171
10 -51.857182 -63.821148 174.388419
11 43.020045 -78.668270 119.666447
12 106.488089 0.375828 152.273113
