# generated k=12 dist=uniform tight=loose seed=1
# OPT 69.5628
# ROUTE 0 3 9 8 1 10 7 6 4 12 2 11 5 0
10.000000 1.000000
0.000000 0.000000
12
1 9.578285 -63.010047 177.582952
2 -45.495479 28.654648 165.583838
3 61.014013 43.226529 87.168796
4 -84.472726 -36.085325 87.857580
5 -47.717840 66.642234 121.360195
6 -71.532807 -72.482288 80.407119
7 -3.295312 -70.373042 124.316667
8 59.498676 -44.231694 44.988094
9 43.257925 -30.545422 123.015758
10 1.560642 -59.614691 112.975771
11 -58.156370 35.050826 65.359690
12 -49.355794 -28.953195 144.896787
