# generated k=12 dist=clustered tight=tight seed=4
# OPT 63.8565
# ROUTE 0 4 7 9 8 11 5 1 3 12 6 2 10 0
10.000000 1.000000
0.000000 0.000000
12
1 47.062711 -44.011744 41.816882
2 54.178734 -36.251152 60.137606
3 66.579367 -35.336183 82.873497
4 -9.709597 -62.354224 6.664323
5 -6.898390 -66.870815 70.706615
6 65.681760 -29.774114 84.117607
7 59.875692 -40.116264 19.223027
8 -35.957833 -77.363506 28.563168
9 65.117168 -38.349469 17.491636
10 -2.287672 -55.730942 65.304349
11 -35.473658 -65.875728 48.110714
12 73.349509 -26.250091 79.264603
