# generated k=12 dist=sparse tight=loose seed=0
# OPT 241.9015
# ROUTE 0 1 10 4 11 2 5 3 8 12 7 9 6 0
10.000000 1.000000
0.000000 0.000000
12
1 21.162875 -231.758104 56.452340
2 14.362570 288.633574 137.382928
3 -64.775021 112.470555 356.800896
4 290.198228 167.237471 288.545245
5 62.619613 93.924413 173.637154
6 -125.950904 -175.653559 379.620827
7 -150.834766 96.592065 373.123200
8 -125.217977 178.327139 302.684507
9 -204.203027 29.034488 276.116554
10 298.435731 46.486801 367.618371
11 234.269487 295.340155 129.998355
12 -213.941431 231.631345 178.720650
