# generated k=12 dist=uniform tight=loose seed=2
# OPT 62.1957
# ROUTE 0 2 7 3 6 1 8 11 5 9 10 4 12 0
10.000000 1.000000
0.000000 0.000000
12
1 77.792978 -16.155580 97.397203
2 6.570466 -2.462049 162.755524
3 16.830278 -35.350869 180.555364
4 -42.838339 23.449358 105.978741
5 12.201027 96.117308 116.172665
6 58.679074 -52.379011 127.506509
7 0.507841 -29.766051 172.210190
8 50.044603 -7.520231 26.976849
9 -56.812701 62.719506 142.369312
10 -53.290639 40.065275 166.389155
11 82.675383 62.890063 114.939578
12 -16.986209 -8.240275 111.331436
