# generated k=12 dist=uniform tight=loose seed=0
# OPT 67.8351
# ROUTE 0 9 4 12 11 8 5 1 2 7 3 10 6 0
10.000000 1.000000
0.000000 0.000000
12
1 50.452983 -81.546826 159.438033
2 -31.870768 -94.567972 123.156218
3 -58.820014 -30.253426 134.209208
4 -15.007774 37.985254 95.467737
5 89.312756 49.769857 152.512491
6 -14.200184 -8.612437 183.358230
7 -55.260174 -47.499207 119.157891
8 82.467518 78.370500 130.785221
9 -16.743699 17.304860 123.263672
10 -55.834629 -24.063221 108.116119
11 19.174211 19.149312 149.662430
12 15.663127 21.808688 132.594039
