# generated k=12 dist=sparse tight=tight seed=2
# OPT 381.9954
# ROUTE 0 6 2 8 5 9 1 12 10 4 7 3 11 0
10.000000 1.000000
0.000000 0.000000
12
1 90.817330 138.904375 194.900174
2 283.985707 193.527291 38.757130
3 258.425055 158.654442 339.698968
4 -40.396149 -12.569650 267.456836
5 -18.850068 99.380527 156.585291
6 -0.974208 31.021756 3.874008
7 -227.022488 7.732008 288.088115
8 -272.990261 -246.913173 110.766861
9 117.260295 277.696515 176.857755
10 -9.392281 -223.905475 244.354753
11 -14.638423 -65.010485 374.888992
12 199.546771 -102.323246 220.070178
