# generated k=12 dist=uniform tight=loose seed=4
# OPT 69.1227
# ROUTE 0 9 6 4 7 1 5 2 3 12 11 10 8 0
10.000000 1.000000
0.000000 0.000000
12
1 36.049349 35.054969 70.880999
2 48.749526 79.039820 43.541777
3 15.940872 75.094819 91.078994
4 38.453889 -47.157485 120.126600
5 89.763378 94.163888 140.585106
6 4.726806 -44.453175 205.365388
7 36.123908 -42.868140 144.704390
8 -68.070718 45.497950 159.167603
9 -17.978025 -37.666669 192.582782
10 -90.940075 52.908688 66.728994
11 -59.908337 51.988918 156.781512
12 -4.946771 41.450290 130.175924
