# generated k=12 dist=spiral tight=tight seed=2
# OPT 99.9241
# ROUTE 0 6 10 3 2 8 1 5 4 9 7 12 11 0
10.000000 1.000000
0.000000 0.000000
12
1 3.809588 -0.565355 65.506816
2 1.718640 13.060360 29.051598
3 -15.792828 13.527877 27.269690
4 -26.324918 -13.317088 80.268969
5 2.730055 -37.412588 47.491007
6 42.964379 -19.769599 8.320460
7 40.172395 34.488442 71.191147
8 -16.072702 61.874326 38.890863
9 -69.441779 17.647840 58.623878
10 -51.989505 -67.316216 18.714217
11 37.291070 -80.297896 108.463469
12 102.800965 -0.277260 97.963764
