# generated k=12 dist=linear tight=tight seed=3
# OPT 61.3711
# ROUTE 0 1 3 2 12 6 4 8 11 9 5 10 7 0
10.000000 1.000000
0.000000 0.000000
12
1 -40.961356 0.127423 4.706709
2 -70.369485 -9.948462 13.164998
3 -55.056306 -5.151166 6.957906
4 85.542976 6.322963 28.586434
5 -63.043184 -7.721825 64.745154
6 67.672142 10.021288 26.858201
7 -13.518219 -5.470380 59.519735
8 4.586558 0.462477 72.563587
9 -84.808984 -12.434327 48.667727
10 -63.484717 -4.145099 62.522120
11 -34.874815 -3.020985 54.006183
12 65.989625 6.355041 29.338509
