# generated k=12 dist=clustered tight=loose seed=2
# OPT 56.6435
# ROUTE 0 7 12 5 8 4 3 9 2 6 11 10 1 0
10.000000 1.000000
0.000000 0.000000
12
1 -3.943318 -62.766281 162.455135
2 1.807958 -74.217384 158.527166
3 55.973166 80.027303 48.660313
4 58.422037 79.518426 99.281057
5 65.701263 91.084568 71.573156
6 2.839082 -76.321135 137.008199
7 -17.191381 82.448295 174.374261
8 60.837484 80.045517 146.218247
9 1.861674 -60.178545 113.856140
10 -6.414497 -63.327326 59.210604
11 -14.075090 -72.688379 189.223934
12 52.168401 86.806357 66.607620
