# generated k=12 dist=spiral tight=loose seed=3
# OPT 73.6835
# ROUTE 0 4 9 10 5 11 6 12 7 8 3 2 1 0
10.000000 1.000000
0.000000 0.000000
12
1 2.794767 0.495160 76.670519
2 2.449991 13.627362 102.573278
3 -15.240221 12.830382 193.576780
4 -25.120059 -12.764808 99.683576
5 2.114429 -36.212058 93.262527
6 43.410847 -20.551242 76.574414
7 42.878004 35.540422 210.780825
8 -16.172281 59.527014 126.709095
9 -74.835455 12.845994 31.799737
10 -54.017269 -63.205548 68.636498
11 41.035176 -81.696892 55.013076
12 99.609917 2.314843 132.496798
