# generated k=12 dist=clustered tight=tight seed=2
# OPT 76.0311
# ROUTE 0 9 11 5 10 12 3 1 6 8 2 4 7 0
10.000000 1.000000
0.000000 0.000000
12
1 -27.917034 -77.220133 50.501877
2 -43.196396 43.729927 90.349642
3 -39.376346 -72.029658 46.127784
4 -35.373612 22.670629 69.072062
5 -17.719473 -75.434371 21.901369
6 -19.105087 -56.113114 78.089392
7 -29.843258 31.142559 88.325438
8 -49.014778 50.118452 63.882102
9 -49.768263 39.914778 7.057929
10 -35.260517 36.183650 33.349545
11 -29.192340 -62.947475 18.367651
12 -46.654084 -63.293543 50.771169
