# generated k=12 dist=clustered tight=loose seed=0
# OPT 42.8567
# ROUTE 0 10 2 9 8 11 6 7 12 4 1 3 5 0
10.000000 1.000000
0.000000 0.000000
12
1 71.758867 7.793999 97.915001
2 -14.935378 7.630343 151.088855
3 55.910786 -16.181445 103.998689
4 58.258518 12.775810 64.634140
5 48.379035 -2.333335 127.747525
6 11.925098 58.636103 134.599238
7 48.324032 17.145670 55.993345
8 20.216369 79.729933 34.370862
9 -7.740646 72.468739 186.263835
10 -8.753088 1.100634 75.939079
11 18.194014 71.996060 136.451084
12 51.415711 14.008888 34.041071
