# generated k=12 dist=clustered tight=tight seed=1
# OPT 92.6883
# ROUTE 0 11 9 6 4 5 8 2 12 7 1 10 3 0
10.000000 1.000000
0.000000 0.000000
12
1 -89.154998 -17.421308 94.277926
2 -87.686929 -38.928256 81.509266
3 -80.171343 -23.030886 91.249979
4 -113.615134 105.609396 28.246081
5 -96.976117 -36.881190 41.661117
6 -105.220862 -16.572329 16.207308
7 -99.731796 -6.382719 86.057091
8 -97.246305 -54.685290 45.385804
9 -102.476528 -14.892358 14.184015
10 -88.069883 -27.011993 87.212199
11 -77.983928 -18.680714 9.246751
12 -92.448552 116.864328 63.816027
