# generated k=12 dist=linear tight=loose seed=0
# OPT 48.5913
# ROUTE 0 7 9 4 6 10 2 11 3 5 1 12 8 0
10.000000 1.000000
0.000000 0.000000
12
1 63.277402 69.074661 199.826669
2 -22.654722 -22.051946 72.280543
3 27.385762 38.441366 115.832191
4 -48.679095 -55.907974 156.615389
5 49.894344 58.195010 115.788259
6 -60.348438 -64.990963 94.660965
7 -26.683500 -32.060142 109.043948
8 34.317930 34.089164 92.136723
9 -40.620417 -48.381214 115.740806
10 -41.116627 -42.143474 20.038920
11 -14.515036 -11.793275 82.347614
12 58.375111 59.826586 113.569440
