# generated k=12 dist=sparse tight=tight seed=0
# OPT 397.2023
# ROUTE 0 12 4 9 8 11 5 3 6 7 10 1 2 0
10.000000 1.000000
0.000000 0.000000
12
1 267.825767 -175.101088 340.396540
2 5.468270 139.555277 385.369136
3 248.627794 -42.075693 219.906611
4 280.077741 -183.293840 53.450726
5 71.237708 267.569862 183.537260
6 292.602124 -138.996587 228.858476
7 -111.914905 31.966089 275.849825
8 -170.602740 -294.860883 104.923950
9 -169.605041 -274.206997 101.148305
10 65.100387 184.267241 300.369343
11 -270.710394 48.892087 142.294427
12 137.527497 -297.705518 36.777783
