# generated k=14 dist=clustered tight=tight seed=4
# OPT 87.5887
# ROUTE 0 11 9 3 14 10 5 12 6 8 7 13 1 4 2 0
10.000000 1.000000
0.000000 0.000000
14
1 -55.855376 67.267341 114.246632
2 -49.456397 11.853575 103.881689
3 -33.719152 -0.703104 19.469199
4 -42.355659 20.745130 108.184277
5 -54.693925 77.331338 54.821039
6 -21.217143 13.935773 48.479969
7 34.058732 -11.246267 96.405716
8 43.853094 -20.443616 68.121168
9 -49.667508 17.168882 16.455114
10 -44.106955 61.512871 35.638913
11 37.421415 7.777047 7.443857
12 -60.430893 56.851481 41.929416
13 -38.393864 70.905676 84.921654
14 24.788322 -14.398517 27.758618
