# generated k=14 dist=uniform tight=loose seed=1
# OPT 77.7462
# ROUTE 0 8 6 7 5 12 13 2 14 11 10 3 1 9 4 0
10.000000 1.000000
0.000000 0.000000
14
1 47.758438 54.828200 184.296771
2 92.079431 -56.164182 241.737264
3 83.454610 61.474958 258.003717
4 11.302078 -4.106080 139.317185
5 -91.910382 -29.511048 129.433617
6 -97.107863 32.395956 220.158011
7 -87.624671 -15.573339 130.142051
8 -32.342173 -9.999921 90.724281
9 26.716459 35.584864 172.924171
10 96.427789 69.117847 109.433520
11 92.174230 43.558160 219.906688
12 -6.459469 -46.157347 274.295706
13 67.592151 -77.026705 130.166690
14 79.498861 -6.311082 122.770613
