# generated k=14 dist=clustered tight=loose seed=4
# OPT 52.5924
# ROUTE 0 10 7 6 12 1 5 2 13 4 9 14 3 11 8 0
10.000000 1.000000
0.000000 0.000000
14
1 79.350806 -27.893351 126.247942
2 73.799856 -44.248831 154.165065
3 21.404730 -8.259657 82.009378
4 29.261845 -19.454427 79.030698
5 73.898366 -32.590719 86.200804
6 53.497708 90.880552 151.680054
7 51.129666 98.370000 150.371561
8 6.232839 -5.145527 137.646220
9 17.601323 -26.925439 104.298139
10 39.640404 94.665272 72.223832
11 22.532892 -7.287137 195.656139
12 77.156249 -17.415758 192.101641
13 61.066097 -26.504473 39.329727
14 9.045246 -23.083172 96.473497
