# generated k=14 dist=linear tight=tight seed=2
# OPT 58.2037
# ROUTE 0 2 4 12 8 5 14 13 1 10 9 3 11 7 6 0
10.000000 1.000000
0.000000 0.000000
14
1 24.798887 -40.575822 68.545537
2 -10.968006 16.110429 3.003399
3 -9.342886 11.823413 108.390695
4 -45.169719 66.996087 46.101496
5 47.565113 -75.447703 62.568887
6 -7.196940 13.493073 90.500791
7 -22.235596 42.111511 79.699883
8 45.997026 -74.345248 28.638353
9 -4.891203 -1.301058 87.493155
10 25.608837 -29.914767 112.311228
11 -15.771475 20.730526 85.286165
12 -38.996069 65.908670 10.892494
13 24.950620 -41.506792 69.449468
14 31.161022 -51.599902 98.613581
