# generated k=14 dist=clustered tight=loose seed=0
# OPT 56.6051
# ROUTE 0 2 3 4 9 14 7 13 8 1 11 10 6 5 12 0
10.000000 1.000000
0.000000 0.000000
14
1 -2.316997 -38.624821 104.658213
2 -18.045337 -12.817245 172.603291
3 -30.009196 -5.693878 71.055965
4 -33.961747 -13.290792 136.224149
5 117.458121 -97.292522 148.105169
6 103.961923 -118.472878 96.497472
7 -16.118201 -32.367059 188.743379
8 -5.904677 -43.481973 87.306745
9 -40.922296 -25.349819 32.960051
10 94.410753 -99.270335 148.765891
11 92.875427 -95.382573 66.384745
12 102.716395 -97.065121 244.376875
13 -7.181148 -41.743481 219.578314
14 -30.405600 -21.965913 154.391921
