# generated k=14 dist=spiral tight=loose seed=3
# OPT 79.1557
# ROUTE 0 2 3 4 5 6 13 12 11 10 9 8 14 7 1 0
10.000000 1.000000
0.000000 0.000000
14
1 9.512823 1.114150 177.623078
2 3.354273 7.615677 167.784643
3 -10.665444 10.957157 42.309632
4 -23.597767 -2.061671 41.034300
5 -20.318593 -25.903574 114.761102
6 10.681163 -37.143587 124.311409
7 41.473686 -13.902804 173.509270
8 44.500798 31.122836 124.759506
9 -2.001057 60.376329 151.776522
10 -53.491708 40.425242 198.662338
11 -71.615661 -22.864882 135.192472
12 -24.916662 -80.519530 100.787973
13 52.326011 -76.564554 185.853887
14 99.878257 -0.397632 72.891530
