# generated k=14 dist=spiral tight=tight seed=3
# OPT 108.8775
# ROUTE 0 12 4 10 13 7 14 8 1 2 9 3 6 5 11 0
10.000000 1.000000
0.000000 0.000000
14
1 0.679030 1.614937 69.206676
2 3.660351 12.681033 81.332110
3 -8.445463 14.015772 89.974844
4 -23.137465 1.275926 21.168470
5 -20.483676 -26.374493 95.853993
6 9.888556 -40.313575 111.146512
7 45.012625 -15.848189 49.968291
8 46.866227 30.378974 73.742778
9 1.385587 61.951694 87.437758
10 -58.486445 41.868036 24.876805
11 -74.975777 -22.933475 101.789830
12 -26.359350 -81.328389 10.577381
13 52.606957 -77.205456 42.917801
14 97.671067 -0.147421 58.352980
