# generated k=14 dist=uniform tight=loose seed=3
# OPT 74.2634
# ROUTE 0 12 6 1 3 14 7 4 11 10 2 5 13 9 8 0
10.000000 1.000000
0.000000 0.000000
14
1 79.527421 -44.035890 132.363683
2 -12.437624 73.782145 85.191467
3 -47.087818 -75.386850 226.274992
4 -85.192383 11.115338 125.825196
5 -4.061546 64.793054 254.200334
6 91.746816 -48.637647 98.438962
7 -88.103664 -40.214347 244.752793
8 -29.363954 -3.104127 137.441697
9 -1.384220 18.985943 68.258929
10 -46.551064 55.082794 155.201407
11 -72.740811 31.996421 209.267269
12 85.196670 -41.747210 183.303477
13 11.878413 68.369026 101.286126
14 -61.281522 -45.696742 53.557182
