# generated k=14 dist=sparse tight=loose seed=4
# OPT 187.9599
# ROUTE 0 11 9 2 10 3 8 7 14 5 12 6 1 4 13 0
10.000000 1.000000
0.000000 0.000000
14
1 -66.411796 58.744126 259.905329
2 70.714334 -190.660971 235.185969
3 235.132082 -127.864629 123.334502
4 -120.939492 142.077058 183.865524
5 152.981111 -43.400700 174.512595
6 40.802179 35.161883 299.487281
7 279.104373 -11.107227 372.224587
8 291.957573 -129.749130 77.161660
9 -57.655403 -36.316454 259.650280
10 160.614052 -214.108482 50.951491
11 -78.313827 16.259603 40.631262
12 127.336281 -44.642064 153.181695
13 -298.426754 29.933983 412.673396
14 186.749823 -73.483806 97.786347
