# generated k=14 dist=sparse tight=tight seed=0
# OPT 356.1373
# ROUTE 0 9 1 10 11 6 2 12 8 7 3 4 13 14 5 0
10.000000 1.000000
0.000000 0.000000
14
1 -57.272318 -191.295384 62.258211
2 -187.852486 -190.990188 126.183671
3 146.759287 54.859714 243.593984
4 33.019985 62.517147 256.330005
5 239.783919 -113.755570 411.176124
6 14.417644 -57.304958 101.387619
7 164.061709 -107.582147 225.948510
8 -131.014863 280.916570 178.099437
9 -271.851440 24.451863 29.412046
10 -134.652299 -272.960149 71.907331
11 20.878844 -98.755092 96.416340
12 -139.908400 88.917834 366.157681
13 -8.010959 265.970876 276.758932
14 278.018359 -67.675180 322.710989
