# generated k=14 dist=spiral tight=tight seed=1
# OPT 110.9930
# ROUTE 0 3 9 10 8 7 12 1 6 14 13 5 2 4 11 0
10.000000 1.000000
0.000000 0.000000
14
1 -0.323135 1.009395 52.875009
2 3.208453 8.055263 91.525760
3 -6.953922 15.497276 2.105617
4 -24.108536 -0.127231 96.349703
5 -15.843514 -23.641348 93.068990
6 9.367675 -36.423612 58.226028
7 48.161730 -16.310471 32.492338
8 47.514396 34.445312 28.815612
9 1.586721 60.048876 8.663521
10 -56.343293 41.159029 15.821749
11 -76.048801 -23.810250 102.940589
12 -26.203928 -79.983532 44.463890
13 54.113045 -73.868320 77.352125
14 97.163625 1.019975 70.156426
