# generated k=14 dist=uniform tight=tight seed=3
# OPT 148.7776
# ROUTE 0 11 5 6 14 1 12 2 3 13 8 4 9 10 7 0
10.000000 1.000000
0.000000 0.000000
14
1 -88.593458 -18.862205 52.120703
2 -17.646642 -51.102544 63.282490
3 -27.259558 -95.828494 66.123286
4 -87.985795 92.736000 96.538221
5 11.365762 31.314369 24.098653
6 -71.885362 -51.224450 35.887914
7 -14.421007 84.644354 140.353986
8 28.063771 -49.654441 77.556883
9 -84.490568 -80.240915 115.628474
10 25.865531 -14.129807 128.670749
11 56.794478 -74.791608 9.924748
12 -84.489253 -29.519112 53.399616
13 -31.337515 -79.928309 69.979773
14 -18.582601 -17.990244 45.113060
