# generated k=14 dist=sparse tight=tight seed=1
# OPT 250.2971
# ROUTE 0 10 13 12 5 11 3 1 8 4 2 6 14 9 7 0
10.000000 1.000000
0.000000 0.000000
14
1 117.517092 102.462346 380.787729
2 -56.750250 195.459839 359.148165
3 226.375493 -121.967148 184.949645
4 21.198979 194.902999 277.614637
5 81.697045 -283.519913 108.676047
6 -48.466259 163.536183 270.575720
7 -4.314179 29.727587 253.216899
8 72.317440 101.361315 214.855521
9 15.142008 80.196901 256.915027
10 -186.246519 -33.400557 21.673874
11 -42.694611 -202.953185 317.684833
12 229.434493 106.572711 66.004084
13 -130.987638 15.432099 145.337257
14 -141.017846 73.257084 236.800827
