# generated k=14 dist=linear tight=tight seed=4
# OPT 65.4487
# ROUTE 0 10 14 8 6 12 13 5 11 7 9 4 1 3 2 0
10.000000 1.000000
0.000000 0.000000
14
1 -8.451446 20.595063 87.298178
2 23.851259 -80.193270 60.187454
3 1.184783 -14.856146 66.962278
4 -15.893831 62.249681 92.388615
5 3.925278 -16.203361 36.202658
6 -25.331392 86.937099 80.452727
7 -8.235010 36.152655 47.702956
8 -24.122060 88.336531 11.884985
9 -12.631392 50.501379 42.206747
10 -11.377335 31.578123 5.312844
11 -5.616233 33.655847 94.571292
12 -6.525977 24.432195 29.700841
13 2.973680 -5.060420 24.175483
14 -12.514978 37.549595 29.324452
