# generated k=14 dist=linear tight=tight seed=1
# OPT 58.1724
# ROUTE 0 14 3 11 1 4 6 7 9 8 10 13 2 5 12 0
10.000000 1.000000
0.000000 0.000000
14
1 38.431982 23.016249 11.875221
2 38.422010 20.956024 60.076976
3 8.946402 12.510824 7.132165
4 17.592767 9.671864 21.033557
5 58.868832 35.902434 55.956041
6 -2.983121 3.528029 19.245536
7 -65.856717 -33.603002 71.500730
8 -68.449263 -42.170757 38.168885
9 -69.108661 -41.532743 39.377929
10 -81.638645 -56.554687 34.411459
11 20.485637 4.984552 5.039731
12 45.053461 32.459534 86.058973
13 -29.724984 -22.600789 67.297627
14 6.417222 4.438299 8.453795
