# generated k=14 dist=spiral tight=loose seed=0
# OPT 81.1030
# ROUTE 0 1 7 14 8 9 10 11 12 13 6 5 4 3 2 0
10.000000 1.000000
0.000000 0.000000
14
1 3.165910 -2.492060 72.400542
2 4.258887 10.632397 88.609046
3 -12.477746 15.163713 168.433158
4 -26.745486 1.468755 117.593227
5 -16.989293 -28.546384 118.497855
6 13.314737 -38.407115 97.614650
7 43.598949 -14.998323 19.089168
8 45.222358 33.454714 85.230623
9 3.960627 64.193747 205.651225
10 -56.591910 39.268193 146.189736
11 -73.878534 -23.696859 126.539478
12 -26.841779 -79.659184 188.705355
13 53.198194 -77.829711 72.929645
14 99.460459 1.467363 74.183034
