# generated k=14 dist=clustered tight=tight seed=1
# OPT 74.1878
# ROUTE 0 2 9 7 13 6 4 1 8 10 3 5 14 11 12 0
10.000000 1.000000
0.000000 0.000000
14
1 2.432937 -25.551510 86.888631
2 10.122175 -38.976500 19.879460
3 16.119992 -44.595231 69.702359
4 65.524193 100.262507 99.942699
5 36.267044 -76.563143 64.639007
6 69.370522 79.592791 32.198939
7 52.032702 -67.769325 48.770922
8 6.799095 -29.152111 60.706553
9 53.877164 -87.877688 12.103527
10 2.587959 -43.887365 56.678256
11 19.530164 -37.344154 117.469166
12 15.651093 -29.951858 116.810666
13 60.661796 -66.690901 75.511041
14 36.700840 -63.724510 79.844116
