# generated k=14 dist=sparse tight=loose seed=3
# OPT 219.1944
# ROUTE 0 13 10 9 7 3 8 2 12 11 1 4 14 5 6 0
10.000000 1.000000
0.000000 0.000000
14
1 40.131358 85.713242 375.077185
2 98.888621 -270.273433 308.536314
3 174.370314 -202.876755 159.855933
4 37.400881 185.156265 182.453859
5 -247.239482 247.801724 435.247838
6 -76.284241 149.291435 279.449126
7 153.837087 -106.886605 534.534382
8 108.927801 -264.033399 247.766090
9 255.203899 -122.503856 313.227840
10 241.546777 -208.945115 33.604254
11 -89.407507 -240.732392 507.976915
12 11.603144 -191.948696 159.313161
13 145.131897 -83.267627 538.312897
14 -205.425976 236.768108 377.012866
