# generated k=14 dist=sparse tight=tight seed=4
# OPT 490.2269
# ROUTE 0 7 10 8 4 13 5 3 14 9 12 6 11 2 1 0
10.000000 1.000000
0.000000 0.000000
14
1 -274.373852 128.082088 461.997194
2 252.801597 16.520549 406.053924
3 139.538859 -266.368846 208.725432
4 -186.990152 -253.850509 109.396741
5 8.133328 196.020932 159.858989
6 236.252493 -199.017524 381.327299
7 278.359288 -230.879965 39.558143
8 -194.672995 -64.656864 88.513908
9 -220.010496 -263.215172 319.363928
10 152.222250 -168.534535 51.888920
11 214.221157 -11.794269 399.778907
12 -289.664270 -255.716899 326.360059
13 -160.500879 -157.475342 119.666257
14 -37.773837 233.303640 264.807448
