# generated k=14 dist=spiral tight=loose seed=4
# OPT 83.0563
# ROUTE 0 1 2 3 4 10 9 8 7 14 13 6 12 11 5 0
10.000000 1.000000
0.000000 0.000000
14
1 4.353545 -1.129572 80.840666
2 4.071146 11.514619 61.968118
3 -10.567625 18.816822 102.974567
4 -25.777166 2.287911 78.551510
5 -21.703934 -27.445016 111.194000
6 14.541949 -36.972494 148.696001
7 46.651611 -15.427065 36.194363
8 42.829191 32.880294 194.550525
9 0.667976 60.849976 138.483918
10 -55.053126 38.677763 32.470135
11 -75.835743 -23.589743 111.345211
12 -27.266810 -79.127663 135.017649
13 55.490484 -78.455999 121.546331
14 101.090135 0.735704 153.426955
