# generated k=14 dist=linear tight=loose seed=2
# OPT 51.7071
# ROUTE 0 8 5 14 9 10 3 13 2 1 12 4 11 7 6 0
10.000000 1.000000
0.000000 0.000000
14
1 -19.555605 77.087184 118.759428
2 -12.516417 51.739016 139.963153
3 1.881407 -23.460950 172.544377
4 -14.619299 91.605450 135.046506
5 15.809675 -76.793393 141.473097
6 0.545662 1.515361 98.674625
7 -2.571638 18.256777 178.546816
8 4.467193 -30.537268 168.911434
9 7.335105 -46.022892 71.600839
10 4.138468 -32.234459 167.513044
11 -13.933892 97.006847 105.908897
12 -16.995467 80.143356 164.181662
13 -5.982748 22.027038 243.639955
14 16.344042 -87.484854 213.306238
