# generated k=14 dist=clustered tight=tight seed=3
# OPT 211.1733
# ROUTE 0 10 9 4 5 3 1 6 8 7 11 14 12 13 2 0
10.000000 1.000000
0.000000 0.000000
14
1 -87.283682 -102.124463 71.307315
2 -70.297791 -69.445501 202.044846
3 31.285385 -14.553177 57.023962
4 -70.824580 -78.706601 38.110191
5 -66.025240 -92.904633 41.803568
6 69.677468 88.982456 95.421407
7 -70.412480 -93.554299 123.240349
8 57.981171 84.915542 100.474853
9 48.546192 -13.975511 25.259962
10 46.726911 96.935315 13.987108
11 51.192539 111.983632 145.399703
12 -65.734868 -88.180035 171.977880
13 47.321812 -6.191159 186.378453
14 -72.870231 -81.998231 203.186904
