# generated k=14 dist=sparse tight=loose seed=0
# OPT 210.4789
# ROUTE 0 9 2 5 1 10 13 11 14 4 6 7 12 8 3 0
10.000000 1.000000
0.000000 0.000000
14
1 185.523384 291.577787 243.804176
2 25.776719 138.857726 70.927696
3 -35.546683 -48.139303 390.851344
4 74.432107 -131.201183 338.802082
5 -49.990133 280.367915 141.521594
6 -14.280462 -95.826774 415.259057
7 -228.623198 -179.413217 179.106187
8 -102.756663 -45.612563 379.790147
9 -9.539294 8.705448 128.221609
10 279.639171 266.961967 358.114725
11 92.876923 -6.981158 147.008312
12 -189.479518 -144.944983 243.391709
13 154.601636 105.097026 208.694382
14 249.527285 -63.458659 142.398592
