# generated k=14 dist=clustered tight=loose seed=2
# OPT 55.4076
# ROUTE 0 10 9 3 8 5 7 13 2 4 14 11 6 12 1 0
10.000000 1.000000
0.000000 0.000000
14
1 42.207059 -91.133223 167.529993
2 75.304671 33.377260 130.186663
3 63.847998 80.660014 45.470957
4 52.201230 -74.786159 84.384289
5 69.810070 46.273543 130.235017
6 59.514811 -91.808282 47.596032
7 70.272477 37.259204 107.711028
8 76.171073 59.897148 155.081826
9 64.837681 69.846297 106.954840
10 56.371045 54.285131 77.498646
11 59.271619 -91.382942 147.747694
12 60.228885 -92.663115 176.681312
13 70.868144 32.600219 106.054120
14 54.237587 -87.153216 105.125516
