# generated k=14 dist=clustered tight=loose seed=1
# OPT 48.1911
# ROUTE 0 9 2 11 7 14 1 8 5 12 4 6 10 3 13 0
10.000000 1.000000
0.000000 0.000000
14
1 83.953841 53.198046 17.872798
2 -1.036926 2.646188 93.676822
3 14.898991 -30.473717 133.966770
4 11.969434 -52.109506 165.641244
5 19.522888 -49.343908 75.080097
6 5.019903 -54.402513 114.540188
7 -6.196601 9.403060 102.146665
8 22.625475 -47.932148 96.465872
9 -3.495454 -0.428837 138.174266
10 -5.584913 -49.454551 136.258313
11 -3.636853 4.121547 126.998049
12 20.406222 -56.895090 66.591438
13 5.783004 -4.938070 73.558072
14 12.455538 5.577653 45.703602
