# generated k=14 dist=uniform tight=tight seed=0
# OPT 121.8540
# ROUTE 0 5 9 10 12 2 8 4 13 11 3 1 14 7 6 0
10.000000 1.000000
0.000000 0.000000
14
1 0.686806 89.104785 170.754382
2 64.855234 -94.458587 142.675336
3 87.281454 73.115920 162.876880
4 14.888393 -77.000963 137.184715
5 -33.198139 -69.565803 39.064868
6 -43.651018 -63.202969 191.112536
7 -53.666119 -10.701910 108.356341
8 45.054771 -93.127110 93.620659
9 -62.225571 -93.965570 12.566553
10 1.006359 24.513295 27.615885
11 44.953281 64.993802 76.762538
12 71.067818 -48.780282 52.212787
13 -44.606546 -6.169533 62.017103
14 -48.737030 98.302144 120.163132
