# generated k=14 dist=uniform tight=tight seed=4
# OPT 116.2743
# ROUTE 0 3 4 7 13 8 6 5 14 1 10 11 2 9 12 0
10.000000 1.000000
0.000000 0.000000
14
1 66.973270 -17.297690 122.653771
2 -73.108730 -63.658886 147.166510
3 -74.185163 22.956238 11.189178
4 -78.739977 76.819073 18.010237
5 67.425795 81.977791 113.959422
6 28.376847 85.713541 59.023926
7 -9.951632 -68.704081 32.090504
8 -81.860463 23.479143 45.261947
9 -69.006433 -19.517306 152.559460
10 47.394623 -43.888692 83.960134
11 -42.763893 -45.996696 94.997537
12 2.692165 34.965783 136.343266
13 -28.583628 -60.319889 75.542137
14 36.602950 37.257109 131.674423
