# generated k=14 dist=clustered tight=tight seed=2
# OPT 97.2628
# ROUTE 0 14 4 11 12 9 3 13 6 2 1 7 8 10 5 0
10.000000 1.000000
0.000000 0.000000
14
1 -82.770073 -13.985579 71.059945
2 -84.201199 70.383693 110.132844
3 -95.902703 79.917405 56.971729
4 17.630885 -61.375594 31.821038
5 15.510311 -64.304498 91.909367
6 -95.741963 82.374836 58.667746
7 -80.862943 -11.093193 74.213937
8 -83.886409 -10.579295 119.255638
9 -94.055050 -11.949407 72.370539
10 -100.635338 -18.310234 77.094985
11 -84.096704 -19.748561 69.058838
12 -90.599450 -19.457878 46.881943
13 -95.400296 79.124530 57.892496
14 -101.712483 65.193487 12.269648
