# generated k=14 dist=uniform tight=loose seed=4
# OPT 90.9485
# ROUTE 0 4 9 14 5 6 1 2 13 12 3 8 7 10 11 0
10.000000 1.000000
0.000000 0.000000
14
1 -51.852723 -28.406634 80.083684
2 2.265426 -61.230401 130.407818
3 74.551581 36.401798 83.626186
4 -9.659117 13.205350 40.965738
5 -99.594815 -5.081670 116.125614
6 -98.582873 -76.877479 139.535081
7 37.075719 58.538096 129.669917
8 48.000255 96.558147 190.567189
9 -24.393153 44.398100 170.087518
10 37.883959 42.277257 109.590743
11 23.670186 27.289291 105.518827
12 89.698885 -24.952302 192.345340
13 6.121039 -61.392253 106.291816
14 -83.813311 95.139988 233.768526
