# generated k=14 dist=sparse tight=tight seed=2
# OPT 425.2276
# ROUTE 0 3 5 6 7 8 9 14 10 2 12 11 4 1 13 0
10.000000 1.000000
0.000000 0.000000
14
1 125.202995 -132.587382 409.706214
2 -281.462062 195.108312 295.004569
3 24.025642 259.555423 28.844685
4 -152.082470 -280.366851 443.700822
5 -91.646631 275.532854 40.096674
6 239.398607 -269.605880 104.574746
7 53.241205 270.867504 161.868375
8 -69.807651 109.449830 186.729558
9 -39.761589 9.381059 325.132587
10 -27.369017 -20.010053 472.050245
11 -58.300088 -19.642725 476.172031
12 -200.548729 274.903848 357.057639
13 43.722262 16.344298 490.264769
14 137.955951 -273.422904 229.209721
