# generated k=14 dist=linear tight=loose seed=3
# OPT 53.9045
# ROUTE 0 14 13 11 6 10 12 4 7 8 3 1 9 5 2 0
10.000000 1.000000
0.000000 0.000000
14
1 -54.726558 80.368715 132.482375
2 -29.855156 34.003552 189.927684
3 -30.624210 48.253700 119.331760
4 57.272454 -72.945337 127.709237
5 -32.548841 40.467877 84.500572
6 44.137053 -65.519217 167.643860
7 44.605616 -48.801003 76.449711
8 0.689103 1.516834 181.379601
9 -50.933595 66.768564 115.406161
10 55.817729 -79.096068 134.585968
11 41.669074 -57.895635 243.033297
12 58.057743 -81.995607 246.595284
13 35.952141 -51.735120 128.440373
14 16.057983 -25.155974 112.432240
