# generated k=14 dist=sparse tight=loose seed=2
# OPT 232.5326
# ROUTE 0 9 4 14 2 3 10 1 8 6 11 7 5 13 12 0
10.000000 1.000000
0.000000 0.000000
14
1 -193.470818 -35.429547 328.280528
2 -63.625326 191.323457 372.143311
3 -99.333594 272.331278 118.189534
4 202.179732 160.038589 93.029849
5 190.867771 -114.289791 232.208611
6 -26.974229 -36.068109 392.982207
7 261.451533 -270.210390 244.897647
8 -83.706245 -27.525546 174.615897
9 30.438700 74.869971 191.592359
10 -238.188888 265.014081 313.789807
11 62.185196 -211.005472 255.076024
12 37.426720 -47.142450 366.400035
13 126.030475 -77.635485 433.840859
14 189.827100 295.682202 66.430625
