# generated k=14 dist=linear tight=loose seed=4
# OPT 42.4752
# ROUTE 0 12 10 2 9 7 1 5 11 3 6 8 4 13 14 0
10.000000 1.000000
0.000000 0.000000
14
1 -67.293039 17.138874 193.330130
2 43.428593 -15.759932 144.504612
3 -81.853111 25.199203 158.779321
4 -48.509907 18.096622 110.455236
5 -84.765052 21.877676 87.563930
6 -80.867083 23.630834 120.300994
7 -21.886770 3.013816 112.863372
8 -54.340942 17.368479 132.277806
9 26.696265 -12.411482 23.938794
10 48.651890 -13.528969 190.571359
11 -86.204215 22.641861 170.928855
12 38.807915 -6.068085 135.119089
13 -12.768130 2.791156 135.161010
14 -8.081661 0.822858 94.536092
