# generated k=14 dist=uniform tight=loose seed=0
# OPT 79.0331
# ROUTE 0 9 11 7 2 10 14 5 6 12 1 8 3 4 13 0
10.000000 1.000000
0.000000 0.000000
14
1 -70.048538 -87.921220 206.307140
2 -19.483793 85.143867 182.140710
3 3.413001 -85.213584 187.876670
4 0.189324 -62.525007 159.238635
5 -50.604298 67.171865 124.755573
6 -69.938744 55.503600 139.432001
7 62.202956 78.692642 122.079783
8 -34.588373 -81.955108 94.819456
9 33.546582 19.695259 73.772645
10 -48.217647 98.643266 169.751822
11 75.688302 41.136696 206.613741
12 -73.891193 -52.420775 255.488538
13 29.517770 -42.949492 127.322670
14 -72.159626 95.698320 149.903633
