# generated k=14 dist=linear tight=loose seed=0
# OPT 54.5816
# ROUTE 0 7 12 14 3 4 11 1 6 2 10 13 5 8 9 0
10.000000 1.000000
0.000000 0.000000
14
1 -30.970663 68.080836 55.801903
2 9.066667 -11.655785 93.365259
3 -32.338696 66.816950 153.432329
4 -40.255089 73.246139 134.615056
5 15.942191 -39.845554 148.439226
6 5.775229 -0.725122 211.392534
7 -13.447394 24.604293 155.347093
8 5.071427 -17.964472 58.152597
9 6.593382 -12.301981 81.706602
10 48.753692 -79.358658 167.987398
11 -42.542035 92.218585 197.580118
12 -16.852844 26.888669 39.267040
13 26.190849 -78.302294 57.782777
14 -29.016894 52.326139 215.991366
