# generated k=14 dist=uniform tight=loose seed=2
# OPT 73.0104
# ROUTE 0 6 13 5 1 11 4 10 7 14 9 3 12 8 2 0
10.000000 1.000000
0.000000 0.000000
14
1 42.601657 67.975252 238.324965
2 -10.311907 -59.496842 96.833805
3 7.373193 -87.263268 96.177304
4 87.521108 35.506362 155.092896
5 -7.317545 52.358752 79.613382
6 -81.493516 54.985380 204.386138
7 39.075674 -62.179433 106.466994
8 -25.986765 -62.372564 235.430124
9 18.272202 -90.621351 77.137327
10 82.439224 14.772674 115.106323
11 60.240172 75.414868 190.229224
12 -0.967750 -94.410258 125.862262
13 -39.071324 76.732177 198.299796
14 27.784843 -76.357540 187.110768
