# generated k=14 dist=clustered tight=tight seed=0
# OPT 126.8488
# ROUTE 0 2 5 12 7 1 6 8 9 11 3 10 13 4 14 0
10.000000 1.000000
0.000000 0.000000
14
1 -62.300421 -82.033336 31.977456
2 78.794273 -32.578769 9.309807
3 -65.427760 -91.637952 82.210184
4 73.114749 -18.619168 121.747178
5 71.260702 -43.833973 11.040041
6 5.536385 105.159744 56.779280
7 -60.884253 -94.882366 35.709389
8 26.853100 98.780097 105.122297
9 23.910272 86.681104 104.154445
10 48.702283 -21.378853 126.875682
11 -47.475726 -99.969484 79.615837
12 -74.004876 -88.963610 27.862489
13 70.401162 -34.353763 117.784177
14 4.952507 91.714655 138.706510
