# generated k=14 dist=spiral tight=loose seed=2
# OPT 79.1093
# ROUTE 0 1 5 12 6 13 7 14 8 9 10 11 4 3 2 0
10.000000 1.000000
0.000000 0.000000
14
1 -0.371341 -3.046682 63.588116
2 -0.032544 8.876903 90.116519
3 -10.374530 16.239855 183.539480
4 -23.359786 -0.409905 129.503705
5 -19.409562 -29.434523 141.737252
6 13.911560 -39.041767 121.962002
7 45.955487 -14.727559 138.339597
8 42.230842 29.630428 111.262642
9 2.970842 62.267640 185.326529
10 -52.258738 42.346058 176.389395
11 -78.342481 -21.963117 101.879641
12 -23.743178 -78.308266 56.337183
13 53.836427 -70.646561 33.080499
14 101.580868 0.906886 135.733788
