# generated k=14 dist=uniform tight=tight seed=2
# OPT 124.0728
# ROUTE 0 13 5 6 10 4 9 1 2 3 7 14 8 11 12 0
10.000000 1.000000
0.000000 0.000000
14
1 -79.354028 25.688526 57.330818
2 -38.098922 28.094646 60.933181
3 -4.930686 54.350809 93.444568
4 23.196204 -60.127548 80.980391
5 -21.993952 15.439594 41.829636
6 -7.509935 -3.780564 89.346578
7 46.707807 -4.565778 73.370029
8 98.114298 43.767888 151.340418
9 -88.127856 -42.484459 50.641092
10 65.490572 -66.145366 28.002316
11 -84.444863 47.893978 131.749947
12 -53.689264 -7.003760 125.728581
13 -37.704082 64.273181 10.956539
14 85.712605 -58.189540 111.190448
