# generated k=14 dist=linear tight=tight seed=0
# OPT 106.8594
# ROUTE 0 5 10 6 4 9 1 7 8 3 12 2 13 14 11 0
10.000000 1.000000
0.000000 0.000000
14
1 -11.482066 -35.802991 86.293754
2 6.704631 31.151422 119.751827
3 31.305577 91.301787 72.983985
4 21.128563 66.730194 36.226653
5 2.105484 19.809175 4.373207
6 -21.519858 -75.752536 20.781624
7 4.531132 19.085766 133.049062
8 11.984356 37.852474 76.419455
9 -22.770408 -69.411388 51.144859
10 17.020683 46.934561 8.347163
11 -6.852961 -33.239308 112.533142
12 20.658580 75.209739 99.406930
13 -11.395211 -28.404888 127.435195
14 -31.810514 -89.516449 145.133569
