# generated k=14 dist=spiral tight=tight seed=2
# OPT 126.4837
# ROUTE 0 4 9 3 12 10 6 13 11 2 7 14 1 5 8 0
10.000000 1.000000
0.000000 0.000000
14
1 5.149667 -0.266871 108.549412
2 3.429815 11.069757 86.259975
3 -9.300201 11.675474 82.146150
4 -28.384671 4.197857 6.842789
5 -23.371541 -26.088486 111.083681
6 12.440545 -37.154973 53.657306
7 45.123726 -12.013004 89.516455
8 45.952433 28.208180 123.097495
9 0.702793 63.569377 13.018859
10 -56.473333 42.095567 42.295271
11 -73.753891 -25.522171 75.583558
12 -25.323919 -83.643224 28.070940
13 49.630410 -72.991430 61.215287
14 98.451544 2.429004 96.672995
