# generated k=14 dist=linear tight=tight seed=3
# OPT 61.2894
# ROUTE 0 7 1 11 12 3 9 6 10 13 5 14 8 2 4 0
10.000000 1.000000
0.000000 0.000000
14
1 48.857716 27.823710 8.460232
2 7.442125 7.130125 101.483494
3 -8.451617 -3.494203 16.585064
4 66.148023 42.235362 68.329542
5 -34.083269 -20.364354 53.524793
6 -54.240148 -29.902428 49.479549
7 2.430308 1.180474 2.197342
8 -2.589799 0.169951 97.327827
9 -20.004757 -6.559504 58.001447
10 -84.968546 -50.656445 87.295074
11 23.692661 22.532620 21.101716
12 -7.259886 -3.183159 44.124641
13 -80.706877 -53.152355 36.988136
14 -6.403373 -4.646412 58.498344
