# generated k=14 dist=sparse tight=tight seed=3
# OPT 579.7077
# ROUTE 0 1 10 12 6 14 11 7 2 4 3 5 9 13 8 0
10.000000 1.000000
0.000000 0.000000
14
1 -169.406289 -212.497392 29.022885
2 119.694681 -139.994287 293.029972
3 277.525335 186.282995 364.231966
4 -32.767603 -225.433717 310.244367
5 -150.876593 -237.238265 427.488246
6 -246.347214 -56.702671 139.783664
7 -241.219087 133.981565 248.716389
8 175.689384 -16.086648 564.537377
9 244.777779 238.120729 487.290095
10 -110.885875 229.373393 74.987246
11 -244.287357 -253.350279 208.461202
12 -54.611937 -164.515148 114.504746
13 -106.432585 232.312452 525.072395
14 45.856572 -290.163399 175.009733
