# generated k=14 dist=spiral tight=tight seed=0
# OPT 96.9149
# ROUTE 0 1 13 6 5 11 4 3 9 8 14 7 12 10 2 0
10.000000 1.000000
0.000000 0.000000
14
1 2.595677 -2.384537 20.305787
2 4.414067 9.247141 101.502977
3 -10.965507 18.446267 61.230940
4 -24.065731 -0.127260 47.980590
5 -18.887122 -23.289501 26.519787
6 12.334600 -41.116102 41.849998
7 45.901782 -14.056734 68.913407
8 45.119971 35.356357 108.567927
9 4.799630 66.391270 56.221477
10 -60.139813 42.088890 95.309539
11 -73.249572 -23.689412 31.244041
12 -25.971886 -78.374370 80.374995
13 52.136036 -74.017181 11.489371
14 95.724617 -0.381807 115.073441
