# generated k=14 dist=uniform tight=tight seed=1
# OPT 111.5686
# ROUTE 0 9 8 11 4 7 13 14 6 2 5 3 12 10 1 0
10.000000 1.000000
0.000000 0.000000
14
1 -98.045045 3.785605 135.442862
2 -58.826682 47.404331 60.469150
3 87.538009 94.558729 110.366520
4 -95.352980 -2.867196 54.466996
5 63.787000 63.881517 81.109524
6 -55.522610 14.945135 93.592528
7 53.492992 -6.288356 39.723057
8 -32.234260 38.721011 14.089076
9 -10.270929 -23.869832 6.317971
10 -84.855557 45.538161 139.989440
11 -94.624918 -20.778925 20.077572
12 -65.090943 47.642984 126.451105
13 -4.937239 3.773848 147.570024
14 -56.595545 13.360415 63.307707
