# generated k=14 dist=sparse tight=loose seed=1
# OPT 259.6381
# ROUTE 0 1 9 7 8 6 2 10 12 4 13 3 11 5 14 0
10.000000 1.000000
0.000000 0.000000
14
1 183.559724 -83.359261 200.661947
2 -99.061497 -51.613822 351.265857
3 114.152369 289.385603 286.564629
4 -255.272798 213.785705 589.001585
5 211.945219 20.484584 350.757184
6 -196.809473 -251.549699 321.751651
7 210.837848 -258.116396 432.675746
8 30.653098 -172.974634 297.300759
9 289.295118 -200.610629 152.015800
10 -68.675959 30.040705 449.750522
11 284.916124 154.809064 497.501994
12 -142.017583 134.145935 141.225559
13 2.504076 239.055874 485.885019
14 98.938075 56.372958 509.430111
