# generated k=14 dist=clustered tight=loose seed=3
# OPT 55.0789
# ROUTE 0 14 5 1 4 6 9 11 10 13 7 3 12 2 8 0
10.000000 1.000000
0.000000 0.000000
14
1 48.573536 -58.749284 37.586027
2 -55.811256 71.168556 91.209406
3 -60.654600 81.079522 199.968499
4 59.751860 -62.976325 125.134941
5 42.402330 -43.682560 139.742885
6 54.481086 -52.250273 83.747881
7 -29.506993 47.719216 242.660969
8 -45.331517 22.268511 85.328533
9 57.709883 -49.331942 78.411742
10 59.730719 -41.270222 149.863143
11 63.635506 -43.967996 87.914040
12 -55.967572 71.583389 105.601159
13 64.306161 -36.448221 173.528392
14 36.177229 -44.513876 75.645312
