# generated k=14 dist=spiral tight=loose seed=1
# OPT 81.5323
# ROUTE 0 2 3 4 5 12 11 10 9 8 14 7 13 6 1 0
10.000000 1.000000
0.000000 0.000000
14
1 6.570774 0.602462 225.410851
2 1.794435 12.603391 152.886086
3 -9.637901 16.065550 154.644596
4 -24.472460 1.699236 76.855021
5 -22.055760 -28.139207 206.158230
6 13.727484 -36.394080 170.574030
7 48.631029 -14.626550 117.206696
8 45.592350 31.871511 104.293485
9 -0.153605 60.164284 92.912602
10 -57.389206 43.329378 122.255831
11 -77.307160 -20.368657 175.228901
12 -24.439740 -84.135889 115.291782
13 57.107853 -73.428718 110.930206
14 101.929098 -1.097303 179.579193
