# generated k=14 dist=linear tight=loose seed=1
# OPT 51.0621
# ROUTE 0 9 13 1 11 7 3 5 10 12 8 2 6 4 14 0
10.000000 1.000000
0.000000 0.000000
14
1 -52.977582 -13.925672 43.148517
2 -0.049631 -3.218629 228.657850
3 -90.975104 -32.664116 149.497144
4 70.678774 24.056579 159.328580
5 -67.239881 -24.593324 30.884575
6 83.258562 27.330257 143.931775
7 -63.817783 -21.255389 67.352816
8 -13.555932 -9.420240 128.440035
9 -2.534728 -0.795641 50.520970
10 -63.451458 -22.269795 65.361517
11 -61.222114 -18.358650 148.129497
12 -33.030021 -11.503861 50.886587
13 -35.510269 -7.558509 9.600502
14 40.438409 17.686032 124.703571
