# generated k=14 dist=spiral tight=tight seed=4
# OPT 108.0130
# ROUTE 0 9 11 12 8 14 7 1 2 4 5 13 6 10 3 0
10.000000 1.000000
0.000000 0.000000
14
1 4.649138 0.375315 63.061110
2 2.405083 9.599418 64.587008
3 -9.566350 16.503076 116.972057
4 -27.044403 1.654067 79.739120
5 -18.652900 -25.028955 75.559553
6 13.917258 -39.337159 88.367119
7 43.011448 -17.149184 69.821109
8 45.698244 32.079595 41.750437
9 1.702283 61.590704 6.169749
10 -56.689478 41.305622 108.585490
11 -72.737594 -22.827858 20.613251
12 -26.836366 -80.710971 28.233943
13 52.159026 -76.538700 91.920556
14 102.896012 2.499518 49.012236
