# generated k=16 dist=linear tight=loose seed=2
# OPT 51.9135
# ROUTE 0 5 3 9 16 10 11 1 14 15 7 13 8 4 6 12 2 0
10.000000 1.000000
0.000000 0.000000
16
1 -40.791352 64.397429 74.587613
2 1.006301 -3.423683 132.323640
3 -5.701829 6.974958 123.714728
4 48.966491 -65.752656 141.173867
5 -3.480705 1.890358 204.195379
6 48.658315 -69.165722 128.569986
7 2.941909 0.258971 103.671481
8 34.062789 -46.097572 192.964115
9 -14.538253 19.339905 117.281040
10 -23.078171 27.843554 65.340523
11 -56.198879 73.947736 161.368254
12 36.296150 -54.790814 85.430710
13 27.466756 -38.490064 110.765548
14 -13.890668 21.448634 110.702877
15 -4.629978 6.937252 108.800598
16 -23.061661 25.964966 101.510541
