# generated k=16 dist=spiral tight=tight seed=3
# OPT 138.1963
# ROUTE 0 3 11 1 7 4 6 14 10 13 8 15 5 12 2 9 16 0
10.000000 1.000000
0.000000 0.000000
16
1 -1.075199 1.046252 16.414836
2 4.535607 8.869370 136.229089
3 -5.480252 11.988858 3.735833
4 -19.199720 9.808174 28.377301
5 -25.203808 -11.502937 142.170739
6 -11.863627 -31.661452 35.780312
7 21.113567 -31.360597 22.803966
8 45.857002 -10.731318 81.698224
9 44.855904 29.336916 121.960908
10 12.350561 54.681707 57.710637
11 -40.251452 58.361999 8.387408
12 -70.982278 7.320296 106.813165
13 -61.895532 -54.225172 71.173657
14 -3.899167 -86.198928 42.053168
15 66.221793 -69.067885 90.402228
16 97.269268 -0.076862 129.075225
