# generated k=16 dist=linear tight=tight seed=4
# OPT 74.4570
# ROUTE 0 2 1 4 13 16 9 12 5 15 6 3 11 10 7 14 8 0
10.000000 1.000000
0.000000 0.000000
16
1 52.843308 -50.981476 22.917938
2 -43.655930 46.725661 7.478582
3 54.909559 -56.754205 112.546038
4 62.069871 -74.102375 24.792378
5 7.391270 -9.164105 45.945456
6 50.647340 -55.097322 55.226896
7 -21.114605 22.001594 67.112679
8 -8.271002 13.990944 98.798086
9 24.925067 -25.392902 37.308632
10 -0.799146 2.425918 104.023194
11 34.397574 -33.930260 93.070610
12 19.138869 -22.947028 35.820275
13 44.659588 -42.499980 38.872457
14 -43.349008 44.617250 82.778094
15 14.275151 -15.739923 71.206310
16 38.226314 -35.515631 32.561365
