# generated k=16 dist=sparse tight=tight seed=2
# OPT 518.5222
# ROUTE 0 11 14 7 6 9 3 10 15 12 5 13 16 1 8 4 2 0
10.000000 1.000000
0.000000 0.000000
16
1 -123.709103 18.030811 393.131731
2 95.385827 255.736790 493.709744
3 154.566823 106.222235 222.705747
4 -45.050600 -182.443402 447.038101
5 105.281861 74.698303 314.971895
6 -197.232133 -176.276797 136.538470
7 143.979938 182.035924 83.336004
8 144.991138 -97.125499 421.886846
9 253.336279 -291.953841 183.981829
10 -217.068327 37.781866 261.945311
11 177.130684 -172.952892 27.656952
12 5.322612 -94.781607 292.332151
13 152.742565 -273.682530 349.002333
14 52.724325 -228.979601 42.058678
15 -110.177558 -97.308568 280.058410
16 -100.087254 -13.763291 386.266131
