# generated k=16 dist=linear tight=tight seed=1
# OPT 68.0946
# ROUTE 0 15 2 1 6 4 9 11 16 10 12 5 14 7 8 13 3 0
10.000000 1.000000
0.000000 0.000000
16
1 34.567212 -40.111632 38.223110
2 18.912650 -20.013350 6.846665
3 60.025341 -59.713146 100.426336
4 -10.125075 19.951137 21.424166
5 -27.223228 24.979650 45.966275
6 42.886933 -43.226519 14.653329
7 -22.509182 25.446990 110.797004
8 -11.773274 15.515649 71.181601
9 -29.027863 26.671028 28.972678
10 -68.515406 67.700588 79.543863
11 -33.177732 30.983696 26.921533
12 -34.569958 40.027358 66.494448
13 22.577470 -24.962691 57.480552
14 -22.633840 26.732427 63.295235
15 -11.683497 8.822716 2.393054
16 -48.297773 43.457634 116.252743
