# generated k=16 dist=uniform tight=tight seed=3
# OPT 182.0760
# ROUTE 0 3 6 16 15 8 5 4 11 9 14 12 7 1 2 10 13 0
10.000000 1.000000
0.000000 0.000000
16
1 58.223518 -76.501110 141.873866
2 -17.172343 23.055410 155.584128
3 -88.899294 -98.050706 14.796475
4 -79.463434 -18.978422 90.709976
5 6.458404 47.023884 78.072763
6 -71.611092 -32.978956 24.902116
7 22.922181 20.079179 131.367144
8 40.511911 -16.663615 72.025981
9 21.232050 19.662473 108.738948
10 -74.634944 48.913725 162.317191
11 -11.351038 69.038465 103.450657
12 0.057723 21.802176 127.432029
13 20.925044 76.991981 175.783900
14 92.468730 9.311224 117.836306
15 -94.953713 -57.827357 54.442765
16 71.263527 -40.255533 37.951376
