# generated k=16 dist=clustered tight=loose seed=1
# OPT 69.2864
# ROUTE 0 15 7 4 16 2 6 12 1 10 11 5 3 14 8 13 9 0
10.000000 1.000000
0.000000 0.000000
16
1 40.836935 34.648474 167.143024
2 -40.285932 68.827831 210.124597
3 16.300097 -73.510395 107.062157
4 -72.613057 -26.642284 173.188100
5 20.822387 -63.264128 143.051945
6 -34.716940 72.268741 88.169624
7 -78.553188 -31.213867 129.254312
8 6.378461 -56.365989 132.165196
9 2.959268 -40.238345 97.701033
10 51.080593 32.648915 38.332750
11 61.528520 50.373826 48.980706
12 -27.864103 67.933656 190.646066
13 12.521626 -50.795249 228.638703
14 7.888123 -61.354851 164.900407
15 -64.853837 -34.524901 27.785763
16 -72.930520 -25.209550 72.227881
