# generated k=16 dist=clustered tight=tight seed=2
# OPT 89.2513
# ROUTE 0 13 8 11 16 2 3 14 1 6 5 7 4 10 12 15 9 0
10.000000 1.000000
0.000000 0.000000
16
1 -70.406453 -69.874256 129.643851
2 -68.008273 -61.616264 42.563824
3 -74.360161 -66.832310 177.859392
4 94.096950 54.078305 154.242779
5 -65.614221 -73.863897 86.358147
6 -69.730560 -77.281913 85.816573
7 88.926433 53.421786 152.272906
8 81.682036 59.542422 63.340552
9 45.454682 43.099539 105.067055
10 79.374633 70.612994 149.711133
11 -69.467669 -53.963346 34.603033
12 75.165064 62.231965 109.656385
13 95.927199 51.279580 11.163232
14 -72.579704 -69.427100 81.973734
15 53.882243 47.921545 161.065364
16 -57.522326 -83.942646 37.837546
