# generated k=16 dist=sparse tight=tight seed=4
# OPT 359.1213
# ROUTE 0 11 15 5 6 10 9 7 12 3 2 14 8 13 16 4 1 0
10.000000 1.000000
0.000000 0.000000
16
1 -60.955376 -83.577502 603.573607
2 168.790505 274.984638 251.116703
3 166.086981 127.741897 328.318382
4 -204.350386 -239.800459 471.471888
5 -244.504833 6.846342 200.856530
6 -227.727980 24.096232 95.873972
7 65.662905 -156.356039 297.619774
8 -254.161490 59.119310 627.040527
9 195.136668 -228.314790 530.802275
10 262.364613 -129.061905 148.256652
11 109.058183 -35.130614 13.288357
12 174.329632 -86.884441 513.374911
13 -252.997779 -4.724616 580.206199
14 -141.838175 121.658325 437.287561
15 -282.178344 -298.966688 60.607751
16 -275.994195 -297.545350 390.022775
