# generated k=16 dist=uniform tight=tight seed=1
# OPT 120.8600
# ROUTE 0 13 14 12 15 5 3 2 8 6 1 16 4 11 10 9 7 0
10.000000 1.000000
0.000000 0.000000
16
1 -47.152182 97.416819 148.394720
2 -50.326498 -11.178570 75.829248
3 -95.422955 34.978777 41.869047
4 57.569425 68.797871 158.070973
5 -74.418308 -7.612269 36.372450
6 -22.298182 79.577247 167.822415
7 -44.661435 -57.001943 115.707278
8 34.078576 55.768823 62.190209
9 52.622159 -14.953707 130.942288
10 90.017354 71.927190 96.752519
11 73.201080 72.046120 93.873516
12 -49.081994 -35.082192 49.528381
13 74.977871 41.212011 10.367516
14 -42.276564 -20.993727 122.260598
15 -78.034223 -49.747643 30.704414
16 47.232184 95.029141 88.727592
