# generated k=16 dist=clustered tight=tight seed=3
# OPT 79.3771
# ROUTE 0 8 15 11 7 13 14 5 1 3 12 4 2 16 6 10 9 0
10.000000 1.000000
0.000000 0.000000
16
1 67.265644 40.547217 124.104949
2 57.967361 39.492826 133.107554
3 60.353444 43.961709 132.337344
4 46.353783 43.126751 164.863547
5 75.713653 14.329503 130.106307
6 73.134138 2.853595 72.075228
7 -82.990936 54.978248 88.164885
8 -84.059309 48.182751 14.659562
9 12.832552 -94.906610 109.210721
10 22.943384 -91.025382 149.996627
11 -96.934236 53.511715 16.539109
12 59.089059 46.797493 162.747122
13 -80.497029 66.318971 55.199844
14 76.768685 13.771749 36.866493
15 -86.789620 61.834622 12.935663
16 66.593259 10.242406 70.035392
