# generated k=16 dist=sparse tight=loose seed=2
# OPT 301.1879
# ROUTE 0 7 5 13 16 10 15 9 2 14 4 11 6 8 1 3 12 0
10.000000 1.000000
0.000000 0.000000
16
1 281.590706 -113.920160 539.993755
2 -184.939744 299.408420 379.720407
3 130.750040 9.689646 318.121793
4 -293.287306 -232.095019 318.129796
5 81.014577 -114.363152 100.498576
6 -82.050237 -196.296172 429.783833
7 -135.973016 -107.924750 123.731312
8 77.205801 -258.537048 519.786438
9 -45.374513 295.240929 212.682278
10 208.911089 259.347614 119.433009
11 -201.322956 -150.858237 258.683754
12 31.213159 42.392045 494.066216
13 110.147334 -13.055680 247.439846
14 -261.318313 -23.261938 268.953192
15 19.053202 210.035070 591.290315
16 61.533020 126.472264 95.712972
