# generated k=16 dist=uniform tight=tight seed=0
# OPT 214.7483
# ROUTE 0 2 11 7 9 10 6 4 3 14 8 15 5 1 12 16 13 0
10.000000 1.000000
0.000000 0.000000
16
1 -67.443326 -28.821609 171.071406
2 45.502989 -30.193714 6.437560
3 -23.479685 -94.809670 106.656593
4 15.337222 40.993031 92.917490
5 24.767984 -42.657604 160.309315
6 -79.101089 7.686676 81.102425
7 -9.593746 62.610374 33.834364
8 94.783510 97.055368 132.657342
9 -76.991959 -57.526918 47.466510
10 80.055141 -9.528736 63.756510
11 -66.344523 -47.433914 21.389130
12 -1.857031 80.701619 184.056603
13 -39.057893 -90.314427 204.115936
14 -21.326200 -69.920414 112.424875
15 85.829515 -77.766128 151.287498
16 -58.274986 -90.323246 202.698357
