# generated k=16 dist=clustered tight=loose seed=2
# OPT 59.6874
# ROUTE 0 8 14 15 7 2 12 4 3 13 16 1 11 6 10 9 5 0
10.000000 1.000000
0.000000 0.000000
16
1 98.163306 -19.903341 164.529667
2 -20.543376 79.877433 206.979182
3 -11.795190 82.364271 151.286758
4 -17.715339 83.222386 157.954789
5 34.181807 -11.991226 151.660713
6 102.561013 -29.854325 170.682558
7 -15.144061 23.649749 212.326118
8 4.311729 13.318605 149.015075
9 30.827330 -25.002821 67.695345
10 44.792832 -23.171179 68.854828
11 100.518245 -24.835839 113.225986
12 -20.392129 83.633966 137.195596
13 -8.853700 107.996218 65.205397
14 -17.491607 20.702272 157.749202
15 -18.114234 22.759116 102.213870
16 97.733270 -20.074962 234.456799
