# generated k=16 dist=linear tight=tight seed=2
# OPT 83.6466
# ROUTE 0 7 13 14 2 3 12 15 16 6 11 5 1 4 9 8 10 0
10.000000 1.000000
0.000000 0.000000
16
1 10.450454 1.234648 68.531715
2 -23.164964 -2.115339 45.832415
3 46.968811 1.668266 37.039241
4 10.593584 -2.482043 81.002709
5 -1.139580 -4.340413 67.710914
6 -86.683230 0.581293 93.385169
7 91.076049 6.941025 10.891629
8 -10.385116 -2.141812 80.586836
9 -43.720036 -0.957929 76.755772
10 -3.984818 4.196792 84.174026
11 -55.991713 -1.928715 90.920806
12 0.574749 -8.613588 64.753151
13 95.433642 6.553186 11.423694
14 -41.539762 -1.222994 25.801045
15 -87.680849 -6.876906 53.842767
16 -93.206971 -4.823455 53.761303
