# generated k=16 dist=spiral tight=loose seed=0
# OPT 83.7221
# ROUTE 0 6 14 15 7 8 16 9 10 11 12 13 5 4 3 2 1 0
10.000000 1.000000
0.000000 0.000000
16
1 2.815772 1.644543 185.416240
2 2.825100 6.113587 138.548547
3 -4.872387 14.474402 93.586691
4 -21.683004 10.956475 198.313388
5 -25.229325 -13.986530 181.180823
6 -13.970536 -35.340440 82.326047
7 20.701698 -38.328137 49.224527
8 46.082064 -13.200266 99.494613
9 47.051811 31.478834 84.652996
10 12.832963 57.841862 54.110826
11 -40.122809 58.100162 107.562717
12 -73.637816 5.455370 135.662483
13 -61.270703 -47.793563 107.738221
14 -3.099590 -83.886935 181.082765
15 61.506617 -68.873887 161.042418
16 97.325381 -0.414239 126.036388
