# generated k=16 dist=uniform tight=tight seed=2
# OPT 153.9943
# ROUTE 0 6 13 8 2 1 5 12 16 15 14 11 10 7 4 3 9 0
10.000000 1.000000
0.000000 0.000000
16
1 -79.920942 26.130433 30.434142
2 -74.722057 -14.642137 159.784701
3 55.158084 -31.644438 148.877473
4 75.652039 -79.518960 126.467029
5 61.327274 -89.626141 49.541570
6 -10.703925 -43.747143 6.506986
7 95.971767 41.139179 112.683927
8 -58.302209 -66.770318 19.827087
9 42.369919 79.312608 177.319552
10 87.809430 28.807060 137.507622
11 38.255714 -24.517447 144.158076
12 72.264418 -73.824290 51.179500
13 10.385526 -67.690710 10.991963
14 -10.173395 -87.963323 93.437394
15 -96.008480 30.685387 78.312578
16 97.117535 -78.017446 56.232654
