# generated k=16 dist=linear tight=tight seed=0
# OPT 68.0814
# ROUTE 0 11 5 16 2 13 9 7 12 1 15 4 10 14 3 6 8 0
10.000000 1.000000
0.000000 0.000000
16
1 -59.190481 6.214071 123.018280
2 -45.111255 3.938407 24.957191
3 92.307827 -10.405157 101.490268
4 -18.102569 6.486969 114.738349
5 49.883749 -1.027572 10.630778
6 23.959195 -6.620176 107.390423
7 -84.433987 6.830982 79.279581
8 2.580272 -1.797128 117.922830
9 -68.978351 3.970387 44.901288
10 55.981599 -2.446698 103.815440
11 -3.619085 -5.365327 4.254214
12 -99.140031 12.974979 40.199572
13 -64.330655 5.820049 21.560337
14 102.898769 -5.414205 61.367852
15 -34.077781 2.357909 128.867905
16 -10.395147 5.712953 27.381725
