# generated k=16 dist=clustered tight=loose seed=4
# OPT 83.0809
# ROUTE 0 15 1 8 14 11 12 7 5 16 3 6 9 13 10 2 4 0
10.000000 1.000000
0.000000 0.000000
16
1 -5.550523 45.034464 143.636581
2 -83.899507 -93.351344 276.778384
3 -59.965510 -87.148695 216.160377
4 -72.952890 -81.473600 147.328295
5 97.975749 75.910284 129.949960
6 -62.703373 -95.706173 66.246941
7 90.711037 81.780420 243.059547
8 -26.650477 52.535954 89.649022
9 -60.194590 -104.145215 156.734603
10 -68.842737 -96.025161 139.076410
11 11.759929 55.970497 245.688004
12 80.905077 89.852468 302.203934
13 -67.956480 -104.777517 173.268024
14 0.377185 55.886374 222.250709
15 -6.393520 36.415025 179.530242
16 87.615333 -64.313609 257.859605
