# generated k=16 dist=uniform tight=loose seed=4
# OPT 87.4359
# ROUTE 0 10 14 9 13 8 6 16 2 11 5 7 12 1 4 15 3 0
10.000000 1.000000
0.000000 0.000000
16
1 86.303725 -33.565559 166.978590
2 -36.479315 -59.403920 192.597343
3 20.821691 54.804510 118.441774
4 97.220605 1.674619 122.486006
5 -18.440657 -56.684793 128.634978
6 -88.237472 -43.101365 277.740113
7 15.279939 -88.737675 295.034535
8 -99.298755 48.005382 213.832811
9 -54.023047 -14.279867 210.472581
10 -4.911950 -17.348899 250.717620
11 -28.540016 -64.894066 250.305155
12 88.841304 -48.377285 124.904179
13 -48.853398 40.820647 84.727322
14 -21.095357 -13.232170 45.362922
15 70.718189 9.085480 220.322878
16 -94.903926 -72.294624 138.682035
