# generated k=16 dist=spiral tight=tight seed=4
# OPT 115.4743
# ROUTE 0 12 3 2 1 13 11 16 9 8 15 14 7 6 5 4 10 0
10.000000 1.000000
0.000000 0.000000
16
1 4.212101 1.720467 81.098759
2 6.255113 11.552976 17.944362
3 -3.866304 12.608991 66.426038
4 -19.858206 8.299230 136.204588
5 -26.712075 -12.655878 153.066195
6 -11.362510 -35.389137 97.473954
7 17.367318 -33.997163 98.272904
8 46.540627 -9.279820 146.512628
9 47.499902 25.274478 72.348519
10 16.407969 61.345577 112.180024
11 -41.171253 55.373976 40.205509
12 -72.098778 10.766710 8.542946
13 -59.199400 -50.480839 29.275419
14 -7.713249 -85.402799 87.949219
15 64.345092 -65.042765 124.191006
16 102.517638 2.474022 56.691819
