# generated k=16 dist=sparse tight=loose seed=4
# OPT 263.0604
# ROUTE 0 7 9 4 12 2 16 6 10 5 14 11 15 3 13 8 1 0
10.000000 1.000000
0.000000 0.000000
16
1 -5.361013 54.059796 316.013455
2 292.395530 -51.152094 602.040536
3 -298.358133 -19.090487 385.644635
4 274.952075 0.339929 90.587686
5 198.691229 -231.321828 319.002462
6 245.577956 -274.702429 74.095200
7 50.062378 -75.826360 507.354004
8 186.360218 225.800620 263.909965
9 196.765217 48.848756 305.571952
10 284.595248 -257.820246 546.464442
11 -123.587938 -157.314734 282.768830
12 269.368214 -41.199625 403.623579
13 -244.226337 20.000838 495.452876
14 -73.356442 -299.822007 150.207060
15 -285.621315 -223.432947 468.243005
16 253.762176 -210.789174 186.988704
