# generated k=16 dist=spiral tight=loose seed=1
# OPT 85.9106
# ROUTE 0 2 3 4 5 6 7 14 13 12 11 10 9 16 15 8 1 0
10.000000 1.000000
0.000000 0.000000
16
1 1.210498 0.477942 200.667120
2 2.607055 7.442649 121.301231
3 -7.106559 14.855088 169.245753
4 -19.161263 3.707361 167.957331
5 -26.152647 -9.426850 96.992559
6 -12.006687 -34.809653 82.292938
7 22.633428 -36.480371 41.735954
8 48.219152 -13.454182 171.284754
9 44.067992 28.419739 144.001100
10 11.166952 61.678079 53.901439
11 -40.431290 53.694201 140.103161
12 -73.801105 6.352778 238.699182
13 -61.514068 -49.956074 48.940387
14 -8.004934 -85.035960 101.932041
15 64.489798 -67.327415 180.345315
16 101.838590 0.080873 167.412000
