# generated k=16 dist=uniform tight=loose seed=2
# OPT 91.0582
# ROUTE 0 11 12 16 4 8 14 9 15 1 6 10 5 2 13 3 7 0
10.000000 1.000000
0.000000 0.000000
16
1 60.463744 -52.693361 224.038453
2 13.146445 97.720235 232.481989
3 10.848704 41.555875 237.748468
4 -64.316700 -32.182981 243.035010
5 77.813657 97.315854 105.274858
6 62.945673 29.721288 165.209939
7 -4.469337 30.333217 139.786082
8 -81.585509 -79.358689 68.462467
9 21.839119 -90.586311 104.792315
10 75.016655 82.380987 184.626865
11 -19.242463 2.592040 236.330399
12 -51.987629 35.532386 58.420067
13 12.970837 72.928066 119.547895
14 -23.981307 -72.019830 100.288640
15 29.223775 -46.855290 134.000815
16 -70.346581 63.111023 149.897727
