# generated k=16 dist=sparse tight=tight seed=3
# OPT 430.5930
# ROUTE 0 8 16 15 10 11 13 6 3 14 9 12 1 4 2 7 5 0
10.000000 1.000000
0.000000 0.000000
16
1 123.573456 -143.694153 292.087337
2 51.946216 20.603865 351.063055
3 221.994382 -219.120363 196.123861
4 136.119032 205.515980 329.269415
5 -252.438405 146.591138 401.890469
6 60.785368 -240.558747 179.909127
7 -121.536634 288.994361 381.035445
8 111.122522 47.448037 13.275759
9 -6.342267 64.858271 254.515307
10 -32.443382 -216.320582 77.763920
11 -103.026493 209.207682 121.815779
12 167.150424 24.700865 272.099226
13 -124.128437 231.956897 129.411594
14 231.469836 98.381367 229.922140
15 129.522260 31.060833 50.584695
16 108.907681 -124.887338 30.590672
