# generated k=16 dist=linear tight=loose seed=3
# OPT 46.3133
# ROUTE 0 2 12 10 1 16 7 14 6 3 4 13 9 15 8 11 5 0
10.000000 1.000000
0.000000 0.000000
16
1 -47.805356 -63.611349 233.461974
2 -1.016439 -5.486998 56.030406
3 -6.205898 -5.067967 151.426345
4 -3.451035 0.507235 76.731101
5 21.286789 34.226488 67.494045
6 -14.060505 -13.720324 214.395675
7 -36.871271 -51.154997 100.760643
8 35.626728 50.301914 217.205497
9 34.604227 51.690495 95.986739
10 -40.951156 -44.328643 8.370967
11 30.652846 41.688171 186.442517
12 -13.667675 -20.572349 126.051078
13 21.068445 42.054008 123.453121
14 -26.756305 -35.573489 150.909782
15 38.490859 57.981989 44.115154
16 -47.534092 -63.736163 113.874989
