# generated k=16 dist=uniform tight=tight seed=4
# OPT 126.0375
# ROUTE 0 6 9 11 12 8 7 16 14 15 4 1 13 10 3 2 5 0
10.000000 1.000000
0.000000 0.000000
16
1 2.171261 55.841812 102.357522
2 56.818320 -56.734496 151.017566
3 -34.277986 -24.856114 112.688659
4 52.433879 81.137793 87.301871
5 97.789696 -40.136859 156.042373
6 78.182167 -13.303513 10.000816
7 -35.147246 4.187820 52.883721
8 36.265215 3.752827 46.023067
9 16.831636 -19.565144 39.169137
10 -31.535617 49.078046 98.595822
11 -33.637396 -39.616798 22.133885
12 60.825551 -67.870284 35.079554
13 -29.894906 95.141193 131.930219
14 60.480505 34.109262 64.346652
15 43.065944 51.910890 123.796856
16 -41.638792 31.554483 77.159705
