# generated k=16 dist=linear tight=loose seed=1
# OPT 50.8667
# ROUTE 0 8 2 4 5 6 9 3 13 16 10 11 1 15 7 12 14 0
10.000000 1.000000
0.000000 0.000000
16
1 -17.918269 -37.197269 177.588746
2 35.648423 64.517871 126.524050
3 -21.072489 -35.316106 129.583921
4 35.472570 71.645988 132.762622
5 -0.908731 5.123373 23.332817
6 -8.439555 -15.809345 140.265759
7 -12.109412 -30.005171 92.093638
8 25.448957 42.575089 83.638756
9 -11.347774 -20.299801 119.599504
10 -25.545733 -56.096469 90.857378
11 -23.203928 -54.477991 185.877452
12 -11.684624 -28.834585 204.363433
13 -33.785588 -63.071071 87.806922
14 -0.160199 -0.993521 161.575108
15 -15.537586 -31.462164 176.168421
16 -35.929703 -84.959370 81.724867
