# generated k=16 dist=clustered tight=loose seed=3
# OPT 65.6758
# ROUTE 0 13 11 12 3 14 9 16 15 6 2 7 5 8 1 4 10 0
10.000000 1.000000
0.000000 0.000000
16
1 -86.282775 56.370416 165.155270
2 -10.790615 86.495097 229.905211
3 49.935516 -8.617705 259.339050
4 -78.432661 54.575766 251.495017
5 -98.337789 63.637344 71.272576
6 -2.587743 81.109488 123.108655
7 -82.200685 64.439087 165.245102
8 -91.677836 52.889324 240.068658
9 15.065510 83.337728 94.013474
10 -81.894551 44.958089 107.910166
11 56.173933 -21.235785 73.044337
12 50.567803 -16.900285 137.940234
13 41.969342 -64.841829 238.731373
14 52.902175 1.279626 96.819929
15 -0.165273 76.443949 146.389944
16 9.114262 86.841737 196.365073
