# generated k=16 dist=spiral tight=loose seed=4
# OPT 85.3869
# ROUTE 0 1 2 3 4 5 6 7 15 14 13 12 11 10 9 16 8 0
10.000000 1.000000
0.000000 0.000000
16
1 2.166554 3.374165 75.910758
2 4.378513 9.808840 41.621175
3 -5.403289 15.755519 75.235566
4 -19.666877 8.303316 96.444031
5 -25.493325 -12.288154 89.702767
6 -7.533578 -35.729329 91.070314
7 20.120256 -38.174398 123.843671
8 50.769676 -12.726871 180.146133
9 44.371247 31.221896 84.759213
10 12.549111 60.374979 120.466250
11 -37.914186 54.302650 130.661245
12 -76.185999 11.416425 84.382097
13 -60.149510 -51.833719 121.392453
14 -6.539428 -88.645810 224.832391
15 63.263724 -70.586870 174.300661
16 100.763192 -2.292787 97.323397
