# generated k=16 dist=uniform tight=loose seed=3
# OPT 96.2265
# ROUTE 0 15 12 7 11 1 14 4 2 9 16 6 5 3 10 13 8 0
10.000000 1.000000
0.000000 0.000000
16
1 -23.354478 90.659435 222.893256
2 90.224079 70.591059 244.481052
3 -31.844167 -68.457447 107.707035
4 34.903873 30.636430 144.952220
5 86.964971 -73.514329 200.488825
6 88.207486 -25.557516 216.423318
7 -61.350206 93.560574 149.819667
8 -1.144522 -21.996816 200.356895
9 63.849947 26.530812 226.200557
10 -81.755024 -97.061066 130.784277
11 -34.797341 93.086524 68.478246
12 -35.142280 34.011986 36.286465
13 -76.660146 -47.923176 87.244704
14 -1.754021 70.844393 264.745941
15 -5.810133 26.280680 40.425962
16 72.418474 -17.721906 181.173487
