# generated k=16 dist=spiral tight=loose seed=2
# OPT 85.2146
# ROUTE 0 2 3 4 12 11 10 9 16 8 7 15 14 13 6 5 1 0
10.000000 1.000000
0.000000 0.000000
16
1 -1.889976 -0.023744 157.567657
2 4.833237 3.906983 45.651894
3 -4.969468 17.415166 165.658554
4 -19.704456 7.677741 70.342210
5 -23.353146 -13.761845 202.966034
6 -12.283743 -32.377697 150.892471
7 20.471439 -36.787801 230.446442
8 48.084749 -12.125537 112.968593
9 46.507040 29.506975 114.517752
10 14.996203 59.571401 30.157534
11 -35.593695 53.807483 124.078455
12 -72.426442 7.993594 117.126925
13 -60.485481 -49.027794 125.636909
14 -4.749253 -91.071291 135.302513
15 63.434972 -66.842840 161.599599
16 99.136834 -3.616244 83.117306
