# generated k=16 dist=uniform tight=loose seed=0
# OPT 87.1403
# ROUTE 0 11 13 2 15 5 6 10 3 12 9 1 7 16 4 8 14 0
10.000000 1.000000
0.000000 0.000000
16
1 -88.060397 18.736065 124.382807
2 76.690981 1.034657 61.033763
3 42.774482 74.317995 70.999981
4 -32.793147 -61.167863 148.100194
5 48.344888 21.964646 203.063837
6 19.591634 15.032775 131.792998
7 -65.747210 -30.410871 148.877221
8 -32.135671 -36.825080 136.562811
9 -26.508617 81.079163 107.960745
10 43.523081 58.449149 84.920415
11 85.961999 -13.121674 8.917652
12 54.495843 93.863508 49.846539
13 74.059259 -39.043797 146.470324
14 -0.193118 -3.800801 100.967183
15 50.108178 12.624584 75.024918
16 -75.016972 -83.549136 197.205034
