# generated k=16 dist=sparse tight=loose seed=1
# OPT 224.1541
# ROUTE 0 13 4 5 11 8 16 12 6 3 2 14 10 1 7 9 15 0
10.000000 1.000000
0.000000 0.000000
16
1 178.298885 -108.447279 181.956322
2 128.308721 68.556666 248.736282
3 89.765990 194.516317 528.413093
4 -34.869913 -186.445803 80.797738
5 -168.703809 -74.645828 115.526015
6 29.491866 294.906732 166.458211
7 135.105659 -115.705263 261.926094
8 -149.845675 79.594955 326.618961
9 81.488577 -121.451497 245.966873
10 187.691410 -117.743108 462.218475
11 -183.723819 69.070945 246.669547
12 -107.427942 229.794586 148.867298
13 -29.557015 -73.974165 565.815278
14 290.025348 -61.628075 380.626410
15 29.539724 -268.042401 247.540041
16 -216.162009 231.015664 445.147151
