# generated k=16 dist=sparse tight=tight seed=0
# OPT 463.4989
# ROUTE 0 3 1 8 11 2 9 6 12 4 14 10 5 16 7 13 15 0
10.000000 1.000000
0.000000 0.000000
16
1 38.988986 80.057078 46.270399
2 144.070768 190.714201 149.419937
3 -195.920374 82.381689 22.537991
4 268.448983 4.868284 271.153232
5 202.559527 -196.794710 434.442720
6 -240.000101 -24.892963 218.151910
7 67.610567 82.837523 468.719346
8 -282.467652 -92.017188 84.568896
9 86.021044 -118.840990 184.150476
10 63.723821 -137.297993 355.970712
11 -153.106399 215.413961 120.019770
12 -219.750748 -10.116234 386.661914
13 40.823453 -37.574902 480.511134
14 -111.226339 224.003932 315.381654
15 -65.289326 -106.797136 546.064480
16 224.131026 134.911573 506.449799
