# generated k=16 dist=linear tight=loose seed=4
# OPT 52.7523
# ROUTE 0 14 8 16 9 13 4 12 6 11 7 15 2 10 5 1 3 0
10.000000 1.000000
0.000000 0.000000
16
1 15.197872 18.627676 221.373465
2 58.734510 73.260500 90.789407
3 14.317668 17.913460 69.954257
4 -46.576605 -47.421980 83.812647
5 26.292021 27.232048 113.496984
6 -17.113198 -18.701722 99.819010
7 23.828578 29.851369 127.476591
8 -21.683648 -25.302435 66.983923
9 -40.783050 -45.058314 143.299183
10 38.351575 40.693774 91.728664
11 17.908814 25.087282 72.947331
12 -20.990560 -22.694013 100.212851
13 -61.923456 -63.801397 147.776255
14 -12.052507 -14.006692 100.146624
15 27.447962 33.802182 116.133428
16 -31.424905 -40.268946 117.208215
