# generated k=16 dist=spiral tight=tight seed=1
# OPT 145.9143
# ROUTE 0 6 16 13 4 10 14 8 1 3 11 9 2 5 15 7 12 0
10.000000 1.000000
0.000000 0.000000
16
1 2.978473 0.801435 81.155105
2 6.184308 9.587518 132.495469
3 -5.384464 15.352312 131.341633
4 -20.637378 8.064342 45.052801
5 -24.329878 -12.660052 110.472145
6 -12.025091 -31.428175 4.919429
7 19.189523 -34.403888 153.424178
8 47.362466 -13.388134 74.503026
9 45.789779 30.555706 100.245630
10 13.673026 54.968682 52.409674
11 -40.466684 53.327132 89.625926
12 -69.466085 10.416111 142.404037
13 -61.920399 -51.859763 35.025530
14 -5.979279 -84.942395 67.414202
15 63.260779 -67.638127 121.413248
16 102.039866 -2.299006 17.382226
