# generated k=16 dist=sparse tight=loose seed=3
# OPT 254.0498
# ROUTE 0 15 11 7 8 2 6 12 16 3 14 13 1 5 10 4 9 0
10.000000 1.000000
0.000000 0.000000
16
1 157.908683 294.935536 234.225449
2 -236.721768 -30.642779 87.984615
3 -282.367691 246.679274 525.429636
4 39.258224 57.599251 426.250063
5 230.124855 -109.954707 534.513125
6 -241.086515 47.057423 370.968500
7 71.844794 -214.416011 182.357815
8 -156.784676 -107.435823 445.298175
9 -13.859814 71.388375 441.805368
10 34.284069 25.490452 675.109498
11 162.790271 -274.152251 325.887904
12 -245.548436 78.452977 372.613256
13 94.789407 267.930337 372.448539
14 -54.693267 295.675570 228.557532
15 106.376824 -30.131496 65.616961
16 -254.842527 188.536608 399.389327
