# generated k=16 dist=spiral tight=tight seed=0
# OPT 155.5816
# ROUTE 0 16 10 7 11 1 15 12 8 2 3 13 6 5 4 9 14 0
10.000000 1.000000
0.000000 0.000000
16
1 0.449106 3.000125 52.236642
2 5.850180 6.081163 120.201195
3 -4.173384 16.823250 101.467832
4 -19.927793 5.802781 163.013420
5 -24.152456 -15.685519 126.953628
6 -11.501060 -35.573252 128.912835
7 16.733652 -33.830389 34.639587
8 45.491021 -11.938008 93.161651
9 49.171265 27.135345 137.065850
10 12.569763 61.106576 22.425742
11 -39.927710 55.036369 46.618064
12 -75.635290 11.508050 79.259366
13 -66.083725 -51.754779 110.447224
14 -7.766394 -90.678284 151.767707
15 62.464443 -67.113373 65.151341
16 100.458369 1.924592 11.450805
