# generated k=16 dist=linear tight=loose seed=0
# OPT 46.0778
# ROUTE 0 13 2 5 16 6 3 7 11 14 9 1 15 10 8 12 4 0
10.000000 1.000000
0.000000 0.000000
16
1 -43.976029 -58.822097 225.565023
2 34.758251 35.120938 167.249047
3 5.440536 15.156084 151.937712
4 -12.476118 -17.305936 178.794422
5 36.840996 49.159527 147.281023
6 20.280252 27.630494 62.468146
7 -10.926747 -5.936481 73.323164
8 -28.528347 -40.049722 87.269880
9 -41.154937 -54.716687 76.893864
10 -47.030612 -66.091358 140.025384
11 -18.590532 -21.189943 93.118483
12 -27.008133 -38.295291 104.621198
13 11.069948 15.908830 121.257597
14 -38.011358 -48.722663 141.664251
15 -51.756039 -69.965896 90.663852
16 20.687403 27.696364 86.869135
