# generated k=16 dist=spiral tight=loose seed=3
# OPT 84.2133
# ROUTE 0 5 6 13 14 7 8 15 16 9 10 11 12 4 3 2 1 0
10.000000 1.000000
0.000000 0.000000
16
1 2.145086 2.445679 143.399905
2 1.821258 4.464227 133.182471
3 -2.796743 14.262676 168.808851
4 -19.982008 7.994667 82.594014
5 -27.077108 -12.792555 82.210488
6 -13.920782 -33.775935 204.606836
7 21.176109 -38.014395 46.629717
8 43.320255 -15.425105 73.076851
9 46.784850 30.247577 53.977852
10 8.839831 60.444314 82.138710
11 -39.972531 52.976817 172.820291
12 -72.874848 10.527956 115.714929
13 -58.781634 -53.203896 19.730992
14 -6.619299 -86.654693 202.752493
15 68.105040 -66.752253 174.659364
16 98.515651 -0.807946 127.025221
