# generated k=16 dist=sparse tight=tight seed=1
# OPT 532.7334
# ROUTE 0 16 13 6 11 15 7 10 2 3 9 5 12 1 14 8 4 0
10.000000 1.000000
0.000000 0.000000
16
1 91.097509 124.335836 382.732208
2 -115.244868 82.425245 263.900556
3 -234.395872 179.340726 278.859849
4 274.826585 -74.099373 535.374111
5 85.549681 248.287738 314.314088
6 226.109374 221.413204 109.859554
7 274.183506 141.664037 190.083668
8 -296.199412 98.319402 474.766003
9 -97.545536 220.635636 404.310991
10 -194.716082 296.845062 237.361606
11 -89.210088 181.782588 143.303929
12 -89.105107 -93.831989 351.385642
13 -150.232894 -204.257199 52.594893
14 135.407262 258.788271 428.603925
15 -72.123432 243.594412 151.695792
16 -120.655726 123.462352 20.259480
