# generated k=16 dist=clustered tight=loose seed=0
# OPT 68.2851
# ROUTE 0 4 1 7 13 3 14 8 5 2 16 12 9 15 11 6 10 0
10.000000 1.000000
0.000000 0.000000
16
1 10.922904 36.297533 8.522701
2 64.030849 -66.165958 61.551677
3 63.048561 -31.387842 135.845898
4 15.211560 33.365174 171.632464
5 59.347675 -55.010421 64.009250
6 -108.443856 14.160457 136.219624
7 20.093505 47.319444 99.179889
8 67.105474 -55.545940 87.024766
9 6.709875 -60.646826 84.943019
10 -97.312761 30.296287 230.526651
11 -105.363696 13.497730 111.811634
12 10.896579 -56.935309 157.989157
13 25.775275 43.405948 170.701594
14 66.400211 -50.084146 231.731123
15 -1.113096 -52.915465 216.308377
16 19.308020 -76.266452 99.016672
