# generated k=16 dist=spiral tight=tight seed=2
# OPT 111.8281
# ROUTE 0 1 2 5 11 10 3 14 13 15 7 6 8 16 9 4 12 0
10.000000 1.000000
0.000000 0.000000
16
1 0.850754 -1.425999 2.149007
2 0.025719 6.653913 11.110671
3 -6.454193 12.798027 71.116853
4 -18.657897 8.681996 117.008248
5 -22.011941 -11.026538 6.466684
6 -11.114180 -32.512109 85.033297
7 20.398558 -37.502851 64.529816
8 45.681213 -12.645394 78.822084
9 46.379849 27.245412 97.466625
10 13.615938 60.486787 23.337700
11 -37.537950 53.997837 16.748220
12 -76.903469 7.839432 123.343871
13 -61.512748 -49.907689 44.751193
14 -6.532633 -86.732054 39.315949
15 62.736146 -67.552864 58.960060
16 97.642461 -0.726422 104.359714
