# generated k=16 dist=clustered tight=tight seed=0
# OPT 162.4426
# ROUTE 0 8 3 5 6 11 1 9 12 10 4 15 2 14 7 16 13 0
10.000000 1.000000
0.000000 0.000000
16
1 89.193720 27.379786 67.476189
2 108.081739 11.017779 131.306597
3 19.762893 -1.061797 16.610431
4 -82.292161 -68.163029 154.369590
5 95.785670 10.999775 28.011947
6 -68.761316 -63.939622 46.481683
7 16.461235 8.603123 142.245284
8 86.028617 11.990576 9.099398
9 -38.985763 -56.849376 84.100404
10 13.266855 8.388840 96.777407
11 -82.961601 -68.766330 49.631265
12 10.421291 -1.736850 119.741013
13 -27.568505 -72.876147 194.395962
14 100.101345 19.301142 176.568426
15 -82.412876 -70.613637 108.751155
16 18.270398 -8.728494 203.112534
