# generated k=16 dist=uniform tight=loose seed=1
# OPT 81.9239
# ROUTE 0 2 12 13 5 6 3 14 15 7 8 11 1 10 4 16 9 0
10.000000 1.000000
0.000000 0.000000
16
1 -20.573858 -56.803759 148.977455
2 69.402427 95.118932 223.281370
3 -41.407828 38.881385 46.453881
4 20.720284 -56.917272 124.421020
5 -36.939687 74.853444 62.677150
6 -37.030160 54.362140 154.094281
7 -68.220145 -28.274482 215.152822
8 -71.092218 -58.931903 140.497363
9 70.598207 -37.262089 257.021040
10 12.390985 -67.542715 140.621905
11 -32.892762 -86.381001 132.834222
12 28.201325 97.490638 140.775264
13 -32.985742 96.148741 178.954578
14 -77.065247 -8.967026 182.295275
15 -80.965620 -15.221168 169.773302
16 63.652652 -49.478128 97.166632
