# generated k=16 dist=clustered tight=tight seed=1
# OPT 84.1349
# ROUTE 0 12 11 10 3 7 15 16 4 5 1 13 8 14 6 2 9 0
10.000000 1.000000
0.000000 0.000000
16
1 -67.236525 -109.335819 108.009230
2 8.031899 -76.712657 143.593951
3 -13.278309 -69.033012 12.999910
4 -73.984001 -105.334553 152.034318
5 -72.401521 -106.824204 28.866586
6 48.187350 45.530151 125.483090
7 -16.652738 -73.373420 66.164207
8 63.883575 47.990184 83.030514
9 -13.232520 -68.074535 142.077699
10 -11.821744 -60.693358 12.938046
11 -16.551261 -64.255524 8.535021
12 -24.458007 -54.133164 7.001916
13 68.547825 54.438558 52.814809
14 68.270191 39.829524 81.279387
15 -4.086961 -98.773145 18.759176
16 -67.013903 -89.270364 24.707582
