# generated k=16 dist=sparse tight=loose seed=0
# OPT 235.7705
# ROUTE 0 16 13 1 2 6 14 5 4 3 8 11 15 10 7 9 12 0
10.000000 1.000000
0.000000 0.000000
16
1 -261.863504 -237.785794 69.764783
2 -252.382364 -186.824821 490.202145
3 -224.449688 191.579609 257.070828
4 90.839978 246.527981 343.570013
5 111.992988 151.543626 171.933063
6 -5.588194 59.156200 219.227226
7 -240.336876 -88.036023 465.471498
8 -266.309852 150.054999 334.728282
9 -173.240516 -13.063524 373.143547
10 -269.791998 -83.705204 424.200057
11 -256.229369 28.953703 283.027455
12 -94.098837 -96.578622 270.923139
13 -61.760417 -210.502129 482.371710
14 -3.299964 169.109299 104.927667
15 -263.044093 -45.594350 331.521061
16 49.921893 -130.744436 370.528021
