# generated k=16 dist=clustered tight=tight seed=4
# OPT 93.0009
# ROUTE 0 12 9 5 16 4 13 7 11 1 15 10 14 3 8 2 6 0
10.000000 1.000000
0.000000 0.000000
16
1 60.109123 44.988763 43.242497
2 83.639746 41.226657 89.432694
3 97.094972 -38.826675 112.066461
4 88.459335 -13.030043 30.595682
5 92.337990 76.801591 16.707368
6 83.036164 60.996813 87.941971
7 66.812983 47.414856 67.185915
8 86.854600 -24.841128 76.848732
9 81.078411 66.704295 12.367638
10 -10.661955 -31.089694 54.961827
11 61.264332 36.217199 39.659292
12 67.224277 33.225913 19.575170
13 77.393240 55.623886 34.989040
14 -9.565387 -24.562440 103.478203
15 -23.310694 -25.583803 55.530021
16 73.980032 34.706731 21.330777
