# generated k=16 dist=linear tight=tight seed=3
# OPT 66.5164
# ROUTE 0 4 3 6 10 1 5 11 7 14 15 2 16 13 8 12 9 0
10.000000 1.000000
0.000000 0.000000
16
1 -53.008205 -27.018776 20.124286
2 3.140350 2.713410 94.360003
3 13.941037 10.066175 8.286854
4 -22.799126 -7.635659 4.933282
5 -53.524373 -31.212866 20.349908
6 -23.910734 -8.787920 42.082873
7 30.998650 14.680490 32.136370
8 -88.667905 -44.279788 57.205323
9 -17.349085 -8.089035 99.381520
10 -36.073143 -19.583313 17.355483
11 10.347741 3.000456 44.694595
12 -46.422094 -27.590163 103.819996
13 -87.449798 -42.557709 86.083168
14 42.727365 22.738061 34.045050
15 18.030456 16.155376 70.792138
16 -18.906885 -6.391096 100.702617
