# generated k=18 dist=uniform tight=loose seed=2
# OPT 88.6434
# ROUTE 0 5 17 1 6 10 14 9 7 12 2 3 18 15 16 13 4 8 11 0
10.000000 1.000000
0.000000 0.000000
18
1 -2.501344 87.498926 103.410185
2 -67.656859 -20.732521 122.083307
3 -82.646436 -42.609168 171.869251
4 74.339465 -98.763652 193.389141
5 0.587172 -1.686458 45.965374
6 -79.719029 91.175027 116.789667
7 -54.520176 -12.608281 211.812950
8 58.147308 -69.724361 132.460490
9 -56.490752 -7.158257 82.447230
10 -99.677614 83.510543 175.555076
11 38.506728 -69.203539 210.349979
12 -52.125108 -20.749850 194.653694
13 31.026443 -87.998347 167.913694
14 -89.421950 75.973351 152.072948
15 -23.235099 -39.891293 105.177976
16 -5.525721 -46.271868 157.472604
17 -12.274385 0.916728 84.103657
18 -77.316364 -74.285948 219.831804
