# generated k=18 dist=spiral tight=tight seed=0
# OPT 104.2999
# ROUTE 0 2 8 16 7 6 1 3 12 11 10 9 18 17 15 14 13 5 4 0
10.000000 1.000000
0.000000 0.000000
18
1 1.896399 -0.030021 46.586172
2 6.425647 6.581952 11.459574
3 -2.925956 16.278584 154.919789
4 -16.284875 9.998888 103.901902
5 -23.400632 -3.862895 149.529635
6 -22.247970 -22.314325 51.686965
7 -3.510148 -33.718878 29.768168
8 24.810740 -34.587445 7.403693
9 49.046508 -9.127660 125.869639
10 50.715426 27.183041 142.541986
11 17.315326 51.863543 98.769502
12 -28.513274 62.690461 40.033698
13 -66.233742 36.776968 109.047338
14 -77.435299 -21.779908 85.983339
15 -43.672775 -68.967278 165.551550
16 12.307398 -88.816114 21.283642
17 66.819099 -65.379685 130.670610
18 100.886081 -2.232569 64.480862
