# generated k=18 dist=clustered tight=loose seed=1
# OPT 62.0249
# ROUTE 0 15 16 1 11 6 3 7 5 18 4 9 12 13 10 14 17 8 2 0
10.000000 1.000000
0.000000 0.000000
18
1 20.063513 90.745268 21.549806
2 -49.421614 39.179031 145.156650
3 18.927703 94.532586 79.191846
4 14.879602 102.130985 168.549414
5 18.213698 106.587335 143.151373
6 18.565944 93.940361 118.257955
7 23.539264 98.523101 45.496097
8 -58.980414 49.628360 145.344122
9 8.054123 97.765148 66.948073
10 -36.663540 56.971689 126.634924
11 16.955065 90.700732 80.921978
12 -20.702966 105.642042 212.409387
13 -14.720910 94.960643 116.494339
14 -32.400283 48.786173 156.431979
15 78.702298 93.123409 113.274505
16 77.840271 97.259307 126.058197
17 -35.509421 47.593509 158.338909
18 17.090531 116.943013 124.269748
