# generated k=18 dist=uniform tight=loose seed=3
# OPT 95.0802
# ROUTE 0 10 7 14 4 12 11 13 6 5 9 17 16 18 8 3 2 1 15 0
10.000000 1.000000
0.000000 0.000000
18
1 48.698656 -38.750040 291.854378
2 73.509892 -59.438459 84.634656
3 90.910278 -44.449409 198.253254
4 -76.341197 -94.227339 203.489773
5 -87.591893 81.797117 231.943288
6 -70.636881 12.472714 160.036231
7 11.917441 -71.368730 180.696964
8 86.083108 -37.297040 229.419589
9 -21.354090 99.443949 144.049192
10 3.421134 -40.840143 104.615678
11 -98.850847 -9.030010 149.716566
12 -78.406613 -31.610750 253.848446
13 -84.086908 -1.520149 137.596582
14 -21.534598 -86.714358 26.857270
15 35.255964 -40.922350 180.598231
16 -1.530474 30.575370 107.025584
17 18.030834 56.136528 91.028005
18 52.140349 7.806627 85.423938
