# generated k=18 dist=linear tight=loose seed=0
# OPT 56.2500
# ROUTE 0 14 18 2 16 3 6 12 11 5 13 1 10 15 8 17 7 9 4 0
10.000000 1.000000
0.000000 0.000000
18
1 18.801928 -35.352861 85.512573
2 -50.644072 69.094741 165.450439
3 -57.339582 84.913076 196.480818
4 -14.065823 17.656650 173.171766
5 35.573795 -49.831923 130.869089
6 -49.662689 76.352915 94.840745
7 0.445987 -2.521212 170.348732
8 7.115565 -14.041285 215.781327
9 -13.685214 15.825861 213.329899
10 17.499676 -25.640106 234.550501
11 24.509535 -29.901553 31.872478
12 -10.028588 21.970378 77.046741
13 22.575834 -34.651478 107.357270
14 -29.230720 41.157722 158.015760
15 19.252990 -19.541266 186.350377
16 -51.376478 70.257723 20.827984
17 7.559667 -9.110108 106.313644
18 -44.995331 59.030724 101.265019
