# generated k=18 dist=sparse tight=loose seed=1
# OPT 261.1064
# ROUTE 0 13 4 11 18 3 14 16 2 9 17 8 12 1 5 15 10 7 6 0
10.000000 1.000000
0.000000 0.000000
18
1 0.993458 162.226749 289.952799
2 -21.385593 -61.830514 179.374981
3 -108.749494 -177.664551 252.676442
4 -202.740702 15.590409 113.396004
5 66.083493 171.870660 426.283268
6 204.023491 -185.479419 476.649809
7 131.682866 21.816950 516.893427
8 -214.750778 294.868620 347.947464
9 -79.253821 -64.520513 169.868232
10 217.088926 118.952442 489.122053
11 -192.398088 -28.065535 52.891564
12 -67.800230 244.457175 205.846224
13 -6.487331 29.358967 175.191447
14 -36.452086 -166.816744 394.834980
15 292.509285 162.838440 487.323732
16 5.106859 -138.578760 75.699641
17 -87.268246 -44.029448 219.629563
18 -208.781093 -172.973037 98.329758
