# generated k=18 dist=clustered tight=loose seed=0
# OPT 70.4332
# ROUTE 0 9 6 1 7 8 16 5 4 17 10 12 3 15 11 13 2 18 14 0
10.000000 1.000000
0.000000 0.000000
18
1 62.309868 -49.400578 47.614152
2 -97.838124 -39.040933 181.395949
3 62.235064 34.362674 124.453458
4 56.558651 18.379656 287.687318
5 66.933725 -17.830305 111.059666
6 56.199202 -31.316239 151.879202
7 67.524840 -47.369492 50.848539
8 67.016833 -30.203093 194.300163
9 45.603801 -27.999218 40.027077
10 67.539625 28.845277 207.434346
11 -7.960172 61.091363 180.186738
12 66.598554 33.179331 251.600216
13 -81.112539 -31.887754 118.842058
14 -81.489638 -57.496336 148.543058
15 53.110068 33.925763 116.704658
16 60.926989 -26.731864 156.020550
17 59.205749 24.610937 180.558470
18 -90.958086 -43.275592 178.412771
