# generated k=18 dist=sparse tight=loose seed=0
# OPT 223.4775
# ROUTE 0 12 4 15 9 18 2 16 10 5 1 3 13 7 8 11 17 14 6 0
10.000000 1.000000
0.000000 0.000000
18
1 189.212719 -223.775646 117.164529
2 -200.194335 -259.653017 176.049703
3 275.458656 55.529950 416.019279
4 56.231892 -4.948675 267.221315
5 27.143245 -281.357253 562.952863
6 -7.369263 36.100342 332.744061
7 79.247222 213.397486 316.262036
8 54.585881 186.032803 403.013980
9 38.326457 34.143835 139.761520
10 2.375040 -229.494125 97.874520
11 31.014182 294.429225 220.775707
12 31.976403 -1.942857 400.394737
13 121.498463 204.111428 397.187508
14 -41.891625 202.488603 494.785264
15 56.795052 37.304056 395.822866
16 -14.859897 -252.822167 547.093090
17 -47.528223 232.156857 296.683818
18 -196.173466 -49.963676 190.691250
