# generated k=18 dist=spiral tight=loose seed=4
# OPT 88.3154
# ROUTE 0 1 3 4 5 6 7 8 17 16 15 14 13 12 11 10 18 9 2 0
10.000000 1.000000
0.000000 0.000000
18
1 -0.570122 2.213585 46.134393
2 3.497046 4.394767 169.244501
3 -2.670277 12.977305 224.139984
4 -16.531381 12.501086 169.763305
5 -23.079632 -0.921811 129.216443
6 -22.282862 -18.825460 25.138451
7 -2.457007 -35.361230 193.203203
8 23.300514 -35.885774 141.797544
9 43.304333 -9.782514 205.974316
10 47.409463 25.551060 101.512667
11 22.808475 55.129773 70.824018
12 -30.083972 62.251046 134.225987
13 -65.805662 31.451904 212.737537
14 -72.182651 -21.483657 175.752851
15 -45.170229 -69.382717 111.379613
16 7.731679 -89.458871 70.487020
17 69.951853 -62.181691 215.932325
18 101.522321 2.406788 157.077491
