# generated k=18 dist=sparse tight=loose seed=2
# OPT 265.1977
# ROUTE 0 16 1 17 3 14 4 10 5 7 2 9 8 18 11 15 12 6 13 0
10.000000 1.000000
0.000000 0.000000
18
1 80.424996 -223.877342 471.653017
2 -97.501640 210.669909 338.183331
3 -4.863809 -270.225171 151.501823
4 -114.290751 -103.648565 529.324560
5 -204.225073 207.722865 135.856435
6 -43.795671 51.734807 508.593280
7 -277.657412 279.159559 326.510132
8 194.686027 196.264800 365.171431
9 187.897244 213.928140 559.581084
10 -85.319416 96.220664 107.867454
11 275.597800 142.960523 287.168278
12 -13.586942 72.308558 547.710784
13 -62.823999 -55.713150 580.740860
14 -241.330828 -260.402352 98.963874
15 226.596672 137.486268 641.633588
16 15.257245 -185.010222 232.624775
17 62.621436 -262.176367 274.789066
18 265.267576 232.531988 390.448555
