# generated k=18 dist=sparse tight=loose seed=3
# OPT 240.7499
# ROUTE 0 13 12 2 9 16 11 17 3 4 5 18 7 15 1 8 6 10 14 0
10.000000 1.000000
0.000000 0.000000
18
1 188.227745 99.802810 180.461320
2 -220.467937 251.637102 281.982561
3 -235.508548 -228.490080 485.185407
4 -155.436694 -248.363285 143.928701
5 -117.197947 -207.622732 687.824893
6 208.891700 271.460621 572.448656
7 161.890651 -217.069466 285.040861
8 290.232397 225.925032 395.968087
9 -276.443989 205.115161 749.938394
10 -3.380396 77.834354 363.631215
11 -219.551705 -49.326981 550.055374
12 -130.663741 187.249155 197.906195
13 -32.483171 55.774095 396.073559
14 14.609018 49.535598 487.909801
15 195.354615 88.644726 187.166670
16 -227.813658 113.951828 664.519786
17 -225.178313 -68.952774 497.476069
18 34.119718 -230.067705 363.489652
