# generated k=18 dist=spiral tight=tight seed=2
# OPT 126.1439
# ROUTE 0 2 3 14 13 10 9 15 5 12 11 18 17 8 4 6 7 16 1 0
10.000000 1.000000
0.000000 0.000000
18
1 2.894275 2.015386 133.817491
2 4.705357 5.155507 4.062555
3 -4.101698 15.642609 5.257535
4 -18.674454 11.639335 101.515023
5 -25.403382 -2.462724 57.690826
6 -23.690361 -22.242248 115.838220
7 -3.138776 -40.229322 115.514115
8 26.618567 -32.180054 110.435472
9 49.394996 -10.799760 35.196689
10 48.267244 25.804289 32.422043
11 21.090040 56.543258 68.946399
12 -26.041214 61.369047 64.294610
13 -65.783946 29.511222 20.385098
14 -74.370363 -17.465226 14.556167
15 -45.830300 -73.690430 47.956937
16 10.727493 -84.879056 126.302490
17 70.378903 -63.693671 87.920036
18 101.089298 1.385807 81.002364
