# generated k=18 dist=linear tight=tight seed=2
# OPT 71.7503
# ROUTE 0 7 14 2 15 17 10 12 9 13 1 18 3 16 4 5 6 11 8 0
10.000000 1.000000
0.000000 0.000000
18
1 53.267154 40.666367 93.229044
2 -49.967146 -42.806051 111.600924
3 75.606434 55.838864 71.970939
4 24.210632 15.171254 88.341664
5 21.035187 18.763894 79.592986
6 10.062032 2.372554 85.581026
7 -11.299943 -9.450712 4.933898
8 -7.279344 -3.209072 121.843157
9 71.019431 50.979107 43.507018
10 -32.780646 -23.649481 57.300631
11 4.770098 -2.072249 120.128572
12 -15.299257 -9.690852 55.810513
13 49.064088 39.337828 46.777005
14 38.752926 29.934143 9.239993
15 -58.709399 -42.243560 23.897522
16 72.256089 46.933414 69.682074
17 -58.182361 -40.723021 25.109927
18 69.750733 48.491739 95.132336
