# generated k=18 dist=linear tight=tight seed=1
# OPT 150.4413
# ROUTE 0 2 6 15 4 16 10 12 5 1 7 3 18 14 13 11 9 8 17 0
10.000000 1.000000
0.000000 0.000000
18
1 10.718754 23.664717 76.490327
2 -19.792743 -56.210894 7.053534
3 -22.286097 -48.950566 99.397106
4 -28.535203 -59.537770 31.458194
5 -38.309085 -87.829353 63.228077
6 15.508354 31.715042 19.543570
7 30.493936 74.773865 82.696687
8 -39.538319 -79.280775 139.357916
9 -4.300254 -4.786946 148.478554
10 27.996351 61.444519 44.013351
11 37.196110 79.370542 120.106784
12 17.749089 31.129791 79.868144
13 28.074586 48.366629 122.689203
14 -10.447822 -25.994049 104.595798
15 -17.036452 -32.474734 27.103891
16 -23.391840 -40.968989 58.334445
17 -40.655184 -89.202025 160.075983
18 -28.177813 -64.983670 99.569594
