# generated k=18 dist=sparse tight=tight seed=0
# OPT 432.9664
# ROUTE 0 4 9 10 16 12 14 5 3 11 15 6 7 17 13 8 18 2 1 0
10.000000 1.000000
0.000000 0.000000
18
1 -219.530993 104.856521 410.006961
2 -293.645488 107.025477 604.296765
3 -297.965745 17.015286 394.931191
4 204.642673 -202.404957 29.075558
5 -256.030148 -106.081439 220.637943
6 -221.847974 -157.819141 497.726339
7 -85.868573 -290.334717 289.891230
8 130.859493 296.947010 553.294650
9 50.435916 -132.027671 47.222129
10 -150.247178 121.563006 82.076913
11 -252.248599 -15.261298 255.489153
12 292.001373 299.470068 148.905882
13 201.318691 164.043393 343.796774
14 -151.175082 63.833408 240.286376
15 -227.435743 -104.640669 262.017815
16 -232.138254 216.775550 93.825144
17 182.527168 37.062114 449.966084
18 0.536796 270.237825 638.969542
