# generated k=18 dist=clustered tight=tight seed=1
# OPT 69.0929
# ROUTE 0 1 8 2 14 7 4 15 10 12 5 9 3 13 17 16 11 18 6 0
10.000000 1.000000
0.000000 0.000000
18
1 23.992039 -23.499710 31.440665
2 -36.104372 -0.048035 24.190402
3 38.320573 -71.271585 111.921767
4 -27.237164 -4.217616 82.861997
5 31.760373 -35.644665 45.012694
6 -11.895245 -4.065328 85.209910
7 -32.524161 -5.446488 100.551933
8 58.929438 -75.417050 12.215932
9 31.924698 -62.963724 127.891303
10 -16.635023 -13.650686 40.477497
11 43.761619 -36.808452 63.683416
12 -4.620368 -40.633010 36.606140
13 47.645375 -86.514639 72.364229
14 -32.830474 2.828839 54.336381
15 -18.408845 -10.095832 121.864226
16 54.532625 -78.284630 132.177702
17 48.389432 -83.701480 70.242934
18 37.407848 -16.152581 91.591975
