# generated k=18 dist=sparse tight=tight seed=4
# OPT 632.5155
# ROUTE 0 2 18 10 1 5 12 6 8 7 17 13 14 11 9 16 4 15 3 0
10.000000 1.000000
0.000000 0.000000
18
1 -253.288594 140.724541 128.310736
2 -166.518820 -270.957416 32.684718
3 38.769051 -207.450499 676.462665
4 -7.490922 74.420429 578.075755
5 -168.930868 -90.288034 155.025108
6 -203.865421 -108.058950 210.147383
7 168.206771 112.853570 288.683738
8 266.380047 -154.043658 257.887195
9 253.224808 96.065822 640.203514
10 -65.270190 297.913023 104.668811
11 294.531230 156.149176 459.601422
12 -256.893869 165.582097 181.473523
13 261.918842 50.951122 392.780360
14 -30.939813 121.439701 424.581150
15 -30.051910 -143.572009 602.166711
16 -270.570015 -287.745016 533.314519
17 -225.004651 -184.932018 339.007099
18 53.391031 198.106766 86.510163
