# generated k=18 dist=clustered tight=tight seed=0
# OPT 132.3161
# ROUTE 0 3 16 17 13 15 11 7 10 2 18 8 9 1 12 4 6 14 5 0
10.000000 1.000000
0.000000 0.000000
18
1 74.395130 -44.427833 146.996996
2 14.453694 -13.569061 83.817646
3 -95.616772 18.162907 12.154433
4 64.708716 -51.730571 103.422766
5 -88.686241 6.400464 163.240618
6 56.226442 -41.131431 143.993166
7 1.463538 -22.636141 61.405880
8 71.740058 -2.572493 139.207628
9 71.805974 -13.679069 93.809817
10 -94.577854 1.012920 71.340774
11 -79.921941 17.714534 51.981756
12 66.120566 -60.798175 103.187420
13 59.551105 -49.084529 31.785947
14 -94.710751 -1.358826 122.658720
15 8.130250 -2.025956 43.472255
16 62.350915 -35.253161 28.387950
17 68.381550 -44.411688 33.089961
18 64.267747 1.483604 93.830979
