# generated k=18 dist=spiral tight=tight seed=1
# OPT 144.9149
# ROUTE 0 6 12 4 1 7 10 3 14 8 11 2 16 15 13 5 17 18 9 0
10.000000 1.000000
0.000000 0.000000
18
1 1.147234 0.665263 32.898726
2 7.981582 8.271319 117.901751
3 -1.946848 14.500982 62.284945
4 -12.994597 11.619651 20.370208
5 -25.415235 -1.130732 119.776718
6 -27.463109 -24.789553 5.481527
7 -3.614543 -37.221357 28.081275
8 26.066460 -33.136564 65.732898
9 46.370475 -11.353830 140.825963
10 46.503356 25.196319 38.975261
11 20.929033 56.871565 76.196776
12 -24.952625 58.831211 14.175100
13 -63.871535 30.683184 110.035486
14 -74.902078 -22.607319 50.787458
15 -47.506095 -71.231313 128.259519
16 14.900473 -89.576969 93.687407
17 68.690526 -57.352711 148.051851
18 97.896443 -0.469738 154.391433
