# generated k=18 dist=linear tight=loose seed=4
# OPT 53.1943
# ROUTE 0 8 14 17 13 10 4 9 3 11 1 6 7 18 16 5 12 15 2 0
10.000000 1.000000
0.000000 0.000000
18
1 -6.786920 1.574857 100.174282
2 -6.931204 12.147225 201.981219
3 7.381583 -25.221212 128.226870
4 24.096746 -60.991122 194.879882
5 -26.343707 61.351165 168.269480
6 -7.033188 4.622786 231.137144
7 -16.825414 30.983096 222.215682
8 7.342438 -16.414549 153.791080
9 15.038539 -44.191428 84.353602
10 26.030348 -68.430903 62.184199
11 -4.270154 -4.059001 222.678349
12 -13.722050 42.761748 145.776085
13 26.801406 -63.226998 186.308927
14 19.116513 -32.462231 189.123306
15 -12.145334 38.197907 76.353433
16 -39.530440 91.880961 153.283857
17 16.439711 -34.595171 192.270321
18 -25.779586 50.432694 189.175861
