# generated k=18 dist=spiral tight=loose seed=0
# OPT 87.7635
# ROUTE 0 1 8 17 18 9 10 11 12 13 14 15 16 7 6 5 4 3 2 0
10.000000 1.000000
0.000000 0.000000
18
1 1.248541 -2.740301 80.420959
2 2.647064 5.505883 184.318623
3 -2.885069 13.384024 142.273729
4 -11.955450 13.198361 193.143469
5 -23.597351 -3.822783 214.533848
6 -20.729464 -21.269208 107.398642
7 -5.146201 -36.295288 255.179512
8 24.726837 -35.013893 206.103236
9 46.842920 -10.697134 236.163651
10 48.008331 23.588665 99.518042
11 20.928602 55.801400 67.759886
12 -24.263649 60.340717 215.541655
13 -62.829648 29.122886 52.541736
14 -74.885778 -18.629920 63.851619
15 -46.326800 -69.701147 263.139661
16 11.304509 -87.819378 95.276945
17 70.111976 -62.427381 28.924930
18 99.859949 0.005714 171.233955
