# generated k=18 dist=clustered tight=loose seed=3
# OPT 59.9166
# ROUTE 0 2 7 12 9 11 1 8 3 16 10 5 4 6 15 13 18 17 14 0
10.000000 1.000000
0.000000 0.000000
18
1 -7.299106 -30.686881 104.639962
2 -47.888256 -34.810105 17.656538
3 -1.085447 -26.752763 223.824874
4 22.380677 61.980274 137.537510
5 18.814001 51.684105 130.145725
6 44.988185 84.952834 93.188882
7 -53.803596 -34.918861 168.332322
8 -5.642461 -25.368623 168.110058
9 -51.219032 -55.951396 125.083377
10 0.393665 -17.881956 207.546442
11 -4.216068 -36.274551 88.923209
12 -59.928023 -40.672601 148.668090
13 41.565487 104.387404 80.094413
14 13.508912 45.073832 118.105603
15 44.625919 104.387766 154.270584
16 -1.988062 -24.156836 122.081746
17 15.924333 59.091438 185.778632
18 32.708472 87.856028 139.023967
