# generated k=18 dist=clustered tight=tight seed=4
# OPT 99.1830
# ROUTE 0 13 12 4 5 17 16 1 3 11 7 6 14 10 9 18 15 8 2 0
10.000000 1.000000
0.000000 0.000000
18
1 -101.087609 -9.329192 75.538669
2 -89.442907 -7.127363 147.598797
3 -95.491853 -17.564198 74.444760
4 60.497298 -38.203569 12.333345
5 27.089747 -83.611760 17.785368
6 61.555532 -36.205535 92.009750
7 63.643071 -23.604643 56.645810
8 -93.335349 -8.033992 144.265166
9 -83.071976 -66.691429 113.354373
10 23.350354 -75.063896 128.168613
11 -92.443956 -17.485815 78.919140
12 64.429648 -37.958465 11.018059
13 65.468710 -40.828775 8.575515
14 64.721041 -59.124930 97.806127
15 -91.681745 -18.420604 142.018093
16 -86.548215 -1.693142 34.234318
17 29.015268 -76.380243 50.600479
18 -90.527686 -40.870475 117.109030
