# generated k=18 dist=uniform tight=loose seed=4
# OPT 105.9666
# ROUTE 0 10 6 8 15 12 2 11 1 3 4 9 16 18 13 17 5 14 7 0
10.000000 1.000000
0.000000 0.000000
18
1 -81.660382 75.684160 302.559125
2 -75.017638 -83.815664 91.260740
3 -91.879320 96.963829 109.382859
4 -75.259631 87.496718 223.221847
5 2.427301 49.414142 134.614085
6 94.941115 -98.426251 236.312106
7 -20.275119 22.174050 241.735232
8 -21.700117 -91.883573 247.618104
9 -18.354465 93.765193 136.566635
10 38.970619 -24.273489 270.722929
11 -93.162570 -58.881765 278.086293
12 -62.861075 -92.796919 39.158860
13 39.410220 81.616845 177.033582
14 -33.997244 29.517351 273.663992
15 -23.873813 -79.899603 301.520889
16 -9.730696 90.701098 262.962923
17 86.515591 68.637262 153.812107
18 -3.978870 77.086831 164.281672
