# generated k=18 dist=spiral tight=loose seed=2
# OPT 88.7098
# ROUTE 0 1 8 17 18 9 10 11 12 13 14 15 16 7 6 5 4 3 2 0
10.000000 1.000000
0.000000 0.000000
18
1 -0.132653 -0.532426 117.310804
2 4.836236 6.601394 119.009398
3 -2.811877 13.532564 107.801430
4 -15.737733 15.951919 125.128517
5 -20.663139 0.468769 141.885005
6 -18.594958 -20.824009 114.952251
7 1.854566 -38.950061 113.001224
8 23.233378 -33.777868 57.990811
9 48.918206 -10.993508 138.068260
10 46.807745 28.366298 92.038204
11 18.901396 63.363632 42.967395
12 -25.529523 58.268179 92.846555
13 -62.712171 33.254455 148.906074
14 -74.816596 -20.895985 77.993571
15 -43.625343 -69.435956 100.361753
16 14.725810 -85.918142 150.940278
17 68.804916 -62.684959 39.496576
18 98.170449 -0.530841 166.084769
