# generated k=18 dist=linear tight=loose seed=3
# OPT 46.9945
# ROUTE 0 10 11 8 7 16 13 9 6 17 4 14 12 3 1 5 2 15 18 0
10.000000 1.000000
0.000000 0.000000
18
1 -48.686246 49.374391 198.578774
2 -26.926323 28.229295 167.834470
3 -65.335463 64.573662 61.672846
4 -38.879456 36.954470 27.240448
5 -45.088388 46.243984 145.423110
6 8.112423 -10.765239 121.377462
7 20.832046 -19.950586 187.138161
8 20.652110 -18.964847 120.417560
9 9.241356 -13.352680 193.656866
10 8.855873 -8.354934 159.331080
11 15.968179 -12.108105 20.655378
12 -55.694277 51.804335 173.920718
13 35.336217 -38.201451 45.321823
14 -39.001980 37.834767 74.245863
15 -26.941079 26.927777 121.865367
16 33.873275 -35.378925 167.973950
17 -27.611461 22.153767 205.365892
18 -16.411960 17.889458 105.055905
