# generated k=18 dist=uniform tight=tight seed=3
# OPT 103.8986
# ROUTE 0 8 12 3 16 7 10 6 14 1 2 15 5 18 9 4 17 13 11 0
10.000000 1.000000
0.000000 0.000000
18
1 -49.984743 60.509703 193.163360
2 -25.604320 11.723001 163.597971
3 -5.452455 -79.353066 10.459662
4 83.272868 42.575508 174.846955
5 12.534789 -69.339818 77.916010
6 -80.928076 88.535851 100.719461
7 -61.997080 -7.847263 87.806429
8 1.308055 -7.721758 186.088757
9 93.930130 -65.950523 129.529761
10 -69.623966 15.789867 64.722075
11 13.226637 19.055892 143.748422
12 -2.014897 -71.143790 33.535335
13 52.961423 72.508114 150.960362
14 -44.474928 78.716502 49.639371
15 -18.984150 -5.007729 57.125121
16 -84.834413 -9.999597 21.630618
17 54.953907 81.069731 114.448210
18 69.277996 -90.704590 215.604276
