# generated k=18 dist=uniform tight=tight seed=4
# OPT 179.9383
# ROUTE 0 2 11 1 4 7 17 9 3 13 18 15 16 14 5 12 8 6 10 0
10.000000 1.000000
0.000000 0.000000
18
1 27.458235 -35.510775 21.413708
2 12.982120 -93.947730 11.422264
3 79.893620 29.163216 66.740115
4 33.455209 54.413572 30.805725
5 33.550963 -2.247856 160.217330
6 15.301412 49.090807 167.149074
7 -60.856278 -3.563167 44.477972
8 -87.236064 -28.287540 149.230883
9 64.346435 76.969618 62.169871
10 66.769082 68.058973 187.721966
11 50.192422 -38.690221 18.053472
12 -34.072035 90.355193 135.873777
13 -40.459459 69.703735 80.580243
14 31.196732 -22.944336 177.042399
15 21.412756 -82.303739 116.355477
16 4.622168 -86.939901 112.213692
17 43.886083 82.057442 60.009481
18 82.370676 49.412365 94.436495
