# generated k=18 dist=sparse tight=tight seed=2
# OPT 518.0535
# ROUTE 0 5 16 6 13 14 12 17 7 18 4 1 2 9 3 10 15 11 8 0
10.000000 1.000000
0.000000 0.000000
18
1 -286.503101 13.079705 296.100962
2 -267.430223 2.420037 579.032479
3 134.268148 -226.751307 345.615204
4 -169.132081 -247.096243 265.281778
5 68.568383 -29.856081 10.761443
6 244.148909 -150.974809 46.010181
7 -13.759547 37.663006 228.557189
8 289.108593 -278.311166 513.316254
9 -37.767318 -136.211864 477.444968
10 100.265716 -113.290552 357.858852
11 295.333630 153.033874 433.967945
12 262.463571 -278.454686 137.932847
13 263.189897 170.992010 81.543255
14 111.700782 90.247579 98.705490
15 -107.050736 148.687079 393.480654
16 73.387622 54.930250 18.875440
17 183.098912 270.792229 194.442197
18 -90.611162 27.532454 234.198009
