# generated k=18 dist=spiral tight=tight seed=4
# OPT 110.4109
# ROUTE 0 3 4 2 10 11 12 1 17 7 6 5 13 14 15 16 8 18 9 0
10.000000 1.000000
0.000000 0.000000
18
1 3.033835 -2.240497 102.274095
2 2.251454 6.625478 8.576173
3 -2.743795 14.821384 2.395268
4 -17.970288 14.208643 4.767313
5 -23.713116 -2.432285 95.593987
6 -23.393330 -18.903854 123.319042
7 -5.597520 -37.156454 82.169000
8 23.766272 -34.522228 137.812226
9 45.397329 -7.911222 134.029912
10 47.733447 28.177852 14.701067
11 17.154068 57.979525 52.465274
12 -19.307331 61.349676 23.816731
13 -62.419844 32.595243 63.013412
14 -72.188766 -20.005883 148.212653
15 -47.392492 -65.238380 75.960544
16 10.566978 -88.151751 84.837503
17 74.761707 -59.333697 41.600199
18 99.033576 0.353649 110.044205
