# generated k=18 dist=linear tight=tight seed=0
# OPT 78.5569
# ROUTE 0 17 18 2 5 14 16 10 11 13 1 12 7 6 9 8 4 15 3 0
10.000000 1.000000
0.000000 0.000000
18
1 1.078555 48.170143 58.409467
2 -2.709574 -24.471930 12.312995
3 0.435697 -0.857107 82.669135
4 -4.358736 -38.381204 117.959040
5 -10.039555 -100.053125 21.030333
6 -3.532472 3.785908 85.306735
7 6.712127 23.763569 98.125086
8 -5.699690 -60.875522 76.484847
9 -7.286507 -39.153045 91.633099
10 8.366878 67.506059 46.398806
11 12.113606 60.523687 64.274893
12 0.921429 33.463402 128.918584
13 8.002877 47.039171 100.980977
14 14.454612 95.454052 41.921280
15 1.479112 -5.500378 134.365108
16 11.043068 88.553023 104.967492
17 4.961403 37.163633 5.259285
18 -1.090405 -1.448218 53.384658
