# generated k=18 dist=clustered tight=loose seed=2
# OPT 73.2006
# ROUTE 0 3 16 9 7 1 11 2 17 13 5 6 12 14 10 15 4 18 8 0
10.000000 1.000000
0.000000 0.000000
18
1 -12.444330 -9.466197 236.186367
2 -85.006340 -1.475536 83.588090
3 -2.951722 -4.018122 166.860213
4 91.813811 -25.041288 149.194135
5 -46.918507 -70.340958 32.936612
6 -55.854680 -71.003398 209.849425
7 -5.220444 -10.571167 61.666374
8 7.498516 -5.457469 205.749542
9 -6.435319 -4.530761 106.999779
10 84.609906 -31.781681 238.217996
11 -13.197347 -14.170111 207.427093
12 -54.590672 -73.520683 133.978534
13 -100.879835 -8.537749 51.083735
14 -51.174376 -86.444211 288.423923
15 106.444670 -33.529091 195.503155
16 -8.883640 0.761587 84.401602
17 -109.918841 9.327724 221.321724
18 10.400763 1.833487 137.504381
