# generated k=18 dist=clustered tight=tight seed=2
# OPT 117.7359
# ROUTE 0 9 18 12 13 4 8 17 5 3 1 10 15 11 16 2 6 14 7 0
10.000000 1.000000
0.000000 0.000000
18
1 29.916967 75.992895 152.719923
2 -89.565463 -78.334789 124.885792
3 44.891918 73.465813 76.383289
4 37.696164 59.025940 38.359556
5 47.113440 56.708618 147.345269
6 -77.709229 -62.662590 169.318869
7 -6.428949 -42.515834 179.133289
8 -8.254604 -52.155861 51.464548
9 -76.859097 -59.992280 11.165939
10 27.058207 86.165331 193.689261
11 -90.567716 -55.060774 130.196681
12 -68.638081 18.873504 59.873264
13 -80.712677 32.832856 26.885623
14 -69.822823 -59.362825 212.393569
15 -76.121528 48.336996 112.719983
16 -88.606202 -77.858938 100.087386
17 -1.137628 -45.565744 88.622055
18 -82.047487 -69.029283 14.548142
