# generated k=18 dist=sparse tight=loose seed=4
# OPT 248.8656
# ROUTE 0 2 7 3 5 13 6 18 16 9 8 1 14 10 15 4 12 11 17 0
10.000000 1.000000
0.000000 0.000000
18
1 245.301341 114.652750 185.416342
2 -95.351238 22.661415 89.482620
3 -144.848744 -149.906613 315.982147
4 -54.011436 222.699727 224.162115
5 80.181258 -73.278687 88.661162
6 154.253167 -178.293835 542.316433
7 -129.018818 -73.179239 439.431257
8 259.865337 125.410496 597.186611
9 227.460680 -40.106519 375.898619
10 102.734724 74.630892 191.743417
11 -288.426441 286.050075 429.253424
12 -71.320131 250.791694 476.951973
13 106.135708 -159.528304 237.085465
14 174.789203 77.273218 346.256578
15 -22.928412 173.028606 316.255850
16 143.201231 -31.644795 259.442773
17 0.659703 28.579756 365.481350
18 233.769761 -248.495272 143.890059
