# generated k=18 dist=clustered tight=tight seed=3
# OPT 90.2748
# ROUTE 0 7 4 9 3 12 14 18 13 10 6 16 11 15 1 2 8 17 5 0
10.000000 1.000000
0.000000 0.000000
18
1 76.739945 -1.950949 133.397578
2 81.340479 -10.778337 162.829604
3 87.501923 5.169031 202.904311
4 97.422640 -17.984336 12.900542
5 95.930661 -28.256554 163.674061
6 -61.169590 72.929111 183.295628
7 95.705854 -18.792730 11.338544
8 89.172809 -12.995403 89.412053
9 101.655939 -17.124792 57.838206
10 -56.006390 60.714113 115.115286
11 59.104016 99.061841 150.274341
12 67.460250 85.768831 25.339022
13 -47.360402 60.260606 72.102818
14 51.478614 92.631861 28.377217
15 58.450423 84.375666 102.175385
16 -44.133929 75.514090 116.272653
17 96.679795 -13.771437 134.677777
18 -44.031530 61.182034 40.357009
