# generated k=18 dist=uniform tight=loose seed=1
# OPT 89.6782
# ROUTE 0 4 18 13 6 7 5 11 10 8 14 12 16 1 17 2 9 15 3 0
10.000000 1.000000
0.000000 0.000000
18
1 -67.447197 -94.140979 101.118455
2 -80.289228 -14.175165 143.968565
3 -32.746985 9.419927 141.015139
4 -3.934154 -20.914102 146.252509
5 57.541362 94.175386 80.807108
6 13.321939 23.923271 95.867568
7 22.977700 28.438916 204.915520
8 99.175803 -36.206568 249.246732
9 -73.956525 -4.064935 91.227754
10 76.852647 -1.179687 249.971784
11 56.053109 -3.180532 205.639618
12 86.846830 -82.895670 130.672825
13 25.515522 -0.375800 282.080721
14 78.552317 -60.923793 149.867460
15 -51.357872 4.976434 119.268192
16 11.970799 -97.020569 176.460754
17 -64.608934 -63.731111 180.238499
18 4.177773 -23.752967 281.448736
