# generated k=18 dist=uniform tight=tight seed=0
# OPT 132.9123
# ROUTE 0 13 16 10 15 5 11 8 7 18 1 12 3 9 17 6 14 4 2 0
10.000000 1.000000
0.000000 0.000000
18
1 -25.536566 27.430428 124.493584
2 75.782572 -24.666370 150.300353
3 -94.980270 -65.280766 92.430937
4 99.056634 -62.986314 209.722703
5 88.835328 32.489605 43.317823
6 35.922036 -98.334627 162.101388
7 64.971848 67.912642 72.831136
8 74.012390 38.520659 197.847564
9 -70.985238 -80.985766 95.576640
10 -84.460721 49.887744 22.781020
11 41.856777 -38.035498 51.797499
12 -89.695069 -62.100596 176.484900
13 23.042776 -43.639619 5.722417
14 64.118648 -58.278970 157.395018
15 -8.923079 42.074811 63.862683
16 -75.838370 14.466361 19.346935
17 -40.474643 -96.065084 136.040073
18 22.563714 76.201371 117.718731
