# generated k=18 dist=clustered tight=loose seed=4
# OPT 84.9528
# ROUTE 0 18 5 1 17 15 11 3 10 4 6 12 13 7 2 8 14 9 16 0
10.000000 1.000000
0.000000 0.000000
18
1 90.320227 -7.705762 253.307392
2 -61.574495 70.722328 82.556881
3 16.599217 76.539775 165.369438
4 -46.078868 89.686213 256.162971
5 92.454135 -21.382057 314.374462
6 -50.588111 106.034574 154.067059
7 -68.184815 79.441057 195.450570
8 -78.584031 -91.893458 309.513278
9 -61.530466 -110.484360 122.798783
10 -38.926789 89.845032 264.600536
11 29.517532 66.450221 166.586620
12 -52.483763 95.760142 146.651059
13 -61.611043 86.693091 295.221574
14 -76.646615 -96.510779 201.424915
15 46.163993 64.787863 217.297717
16 -57.487884 -90.547216 203.228579
17 89.956541 -2.302036 62.296549
18 78.146199 -15.805746 134.353479
