# generated k=18 dist=spiral tight=tight seed=3
# OPT 127.9144
# ROUTE 0 4 5 7 2 15 10 17 8 6 14 13 12 11 18 9 16 1 3 0
10.000000 1.000000
0.000000 0.000000
18
1 3.084417 0.704917 158.970955
2 3.517067 7.070522 16.829696
3 -3.993010 15.417565 133.536587
4 -16.756989 13.284001 4.844363
5 -30.283623 -0.249912 5.887609
6 -22.822813 -23.570478 62.417391
7 -5.837301 -34.848851 12.033382
8 26.237384 -34.373304 91.723599
9 46.676796 -8.123786 152.624127
10 46.018244 27.228648 42.577266
11 20.412502 59.137673 129.115174
12 -26.736979 58.362431 81.126241
13 -61.655154 33.846727 117.700458
14 -73.663319 -20.746191 68.874286
15 -46.430399 -67.816747 26.973485
16 14.553736 -85.959403 144.281525
17 72.821149 -60.044541 51.318509
18 100.372972 -3.501990 98.316838
