# generated k=18 dist=uniform tight=tight seed=1
# OPT 151.0062
# ROUTE 0 7 9 11 4 12 13 2 5 14 17 15 1 3 8 10 16 18 6 0
10.000000 1.000000
0.000000 0.000000
18
1 33.739929 44.015612 149.870443
2 -93.676847 -33.083752 70.219060
3 80.029833 52.303722 119.163964
4 -66.154317 37.910787 46.629772
5 64.964172 -56.546681 84.105519
6 -4.798187 15.253603 156.860486
7 -27.467900 22.769655 4.903941
8 71.566189 -81.674786 171.578020
9 90.581356 -77.212475 21.948212
10 35.150424 -93.354596 134.630177
11 4.726784 -97.577864 30.974552
12 -48.066543 72.864331 53.160124
13 -50.006414 81.597917 56.337408
14 21.679044 -29.606018 107.753432
15 24.307779 45.147988 150.673659
16 15.440273 -58.339217 167.477202
17 -0.984669 52.363698 99.154274
18 -14.537181 -71.210780 185.037156
