# generated k=18 dist=sparse tight=tight seed=3
# OPT 570.8538
# ROUTE 0 6 7 18 15 4 10 16 3 1 9 14 8 5 11 2 17 12 13 0
10.000000 1.000000
0.000000 0.000000
18
1 50.895023 18.527613 253.553447
2 120.454757 194.723751 421.750642
3 -200.943190 225.837739 220.017954
4 250.086192 -281.261208 137.989709
5 -142.244801 -190.706969 360.738191
6 98.529154 96.018695 14.595242
7 3.223328 -90.484263 38.961369
8 -22.814142 190.556788 320.492803
9 -243.378772 58.047715 284.064834
10 -29.862908 -258.397174 164.736561
11 -234.647407 -118.343679 373.883905
12 47.566593 -5.534193 503.672384
13 -225.207904 233.816158 538.443455
14 1.919930 213.655306 313.533575
15 121.048956 -4.124936 105.301035
16 -174.989452 6.237827 198.875059
17 -20.180535 -285.129967 471.062412
18 -168.920476 176.277539 69.540337
