# generated k=18 dist=sparse tight=tight seed=1
# OPT 487.1159
# ROUTE 0 4 15 2 16 13 9 6 1 12 7 3 14 18 11 17 5 8 10 0
10.000000 1.000000
0.000000 0.000000
18
1 50.944405 -79.100981 533.597673
2 -65.185819 -4.559953 97.314671
3 -11.974698 -259.833050 258.018409
4 -285.047598 -186.507259 34.245439
5 67.439564 -26.613916 494.931914
6 -223.847273 0.351501 169.617356
7 243.291182 -175.128338 407.190305
8 230.366687 267.088864 594.764012
9 -179.852063 229.652924 143.701657
10 45.048483 123.951612 512.505784
11 -252.531846 -193.107767 458.430101
12 266.749545 -114.697796 224.752188
13 -73.035602 50.893327 186.586577
14 -51.947462 266.125822 309.180148
15 -84.014637 180.692727 79.734251
16 8.400867 -56.389562 106.743248
17 70.077698 -188.529480 543.983085
18 -223.906943 -200.398215 361.523531
