# generated k=18 dist=linear tight=loose seed=2
# OPT 57.8938
# ROUTE 0 1 18 17 9 2 16 11 3 7 5 6 13 10 15 12 14 8 4 0
10.000000 1.000000
0.000000 0.000000
18
1 -11.028835 -9.707365 48.912302
2 -69.841794 -67.402378 56.122827
3 -6.524659 -0.769198 134.046888
4 4.425457 0.804802 135.415288
5 16.473532 17.670096 163.053814
6 25.551492 33.155788 60.218334
7 8.743209 9.442608 110.834133
8 24.507494 21.444929 78.836042
9 -64.419235 -67.854080 203.999031
10 68.807223 71.820992 115.794870
11 -35.792010 -32.617896 159.820718
12 37.319364 40.145014 94.309174
13 38.966633 43.262039 84.244755
14 31.611265 32.888880 180.325697
15 38.349058 40.484022 156.013215
16 -67.591036 -59.303549 168.275882
17 -24.715944 -26.644457 161.866857
18 -14.001102 -15.163200 147.246872
