# generated k=18 dist=linear tight=loose seed=1
# OPT 57.8550
# ROUTE 0 15 17 1 5 4 13 6 7 14 12 8 16 9 2 10 3 18 11 0
10.000000 1.000000
0.000000 0.000000
18
1 44.071849 -89.763120 74.609088
2 -26.178973 68.704884 125.984962
3 -20.586477 54.797741 104.812586
4 25.412735 -60.719945 86.443066
5 39.961859 -86.815792 80.158939
6 -14.675806 24.106648 185.863320
7 -27.911900 50.671693 179.837882
8 -30.783647 65.885107 210.651378
9 -46.546635 82.565462 101.379594
10 -26.609278 67.225129 80.900316
11 -12.709358 30.190679 86.108432
12 -26.071817 58.936440 54.223102
13 3.381150 -11.717273 145.940693
14 -25.807660 53.822968 208.796493
15 2.827175 -3.028899 143.904332
16 -37.042444 71.386555 162.537844
17 21.953952 -30.988976 129.619198
18 -20.652994 48.985020 122.134384
