# generated k=18 dist=uniform tight=tight seed=2
# OPT 183.4079
# ROUTE 0 16 1 12 7 6 10 5 14 3 17 15 11 8 2 9 4 13 18 0
10.000000 1.000000
0.000000 0.000000
18
1 -74.589666 32.057319 29.705121
2 20.078799 -36.782335 139.385088
3 6.173592 -12.217029 113.575080
4 -48.951496 -48.733553 168.317145
5 -67.474651 -77.241131 102.401533
6 -40.113964 -96.639441 69.647483
7 75.448374 -34.782028 58.123438
8 -44.021988 -14.576806 143.843426
9 2.353613 -63.188378 152.057726
10 80.948217 -53.421172 84.357292
11 -86.180440 -6.236500 171.313641
12 52.003282 -89.743872 48.853691
13 63.866913 -63.086879 190.808974
14 -46.571454 -49.344672 103.648156
15 -95.930790 8.147463 125.659635
16 90.842936 -47.560118 11.303949
17 -39.542027 -7.494954 160.939156
18 56.684741 51.687881 203.138999
