# generated k=18 dist=spiral tight=loose seed=3
# OPT 88.6076
# ROUTE 0 4 5 6 7 8 9 18 17 16 15 14 13 12 11 10 3 2 1 0
10.000000 1.000000
0.000000 0.000000
18
1 3.186834 1.575393 129.535122
2 4.609464 8.231972 135.145859
3 -3.519690 14.323091 207.988359
4 -15.642665 11.822718 55.129545
5 -27.186417 0.667580 205.425548
6 -22.203589 -21.984162 136.413445
7 -4.182501 -32.976594 60.494143
8 26.529702 -39.424959 16.696635
9 48.625679 -8.512490 135.353465
10 43.718284 23.496785 141.179939
11 19.955845 54.749943 79.846013
12 -24.694460 64.785530 100.950092
13 -64.545153 31.609863 178.157266
14 -76.363525 -17.715700 158.496253
15 -44.703073 -69.957142 229.463570
16 11.913987 -87.095268 143.010016
17 71.075255 -63.860668 140.467203
18 97.312512 -1.643193 234.689318
