# generated k=18 dist=linear tight=tight seed=3
# OPT 71.6704
# ROUTE 0 16 13 4 18 6 2 10 15 7 3 14 1 9 11 8 17 5 12 0
10.000000 1.000000
0.000000 0.000000
18
1 -8.432302 -13.349766 122.426819
2 -14.411097 -9.249211 54.782871
3 55.084351 45.056390 65.262690
4 66.672657 59.436965 11.105784
5 -32.951343 -23.786772 119.504782
6 22.997936 18.547002 19.790600
7 60.630113 54.920481 94.067349
8 -58.465532 -44.379585 112.942521
9 -38.869301 -35.818803 115.865168
10 -18.738967 -12.442636 26.465661
11 -46.063228 -41.498497 78.015021
12 -3.874576 -1.987383 83.966788
13 20.877662 22.776681 5.308189
14 44.335878 33.976873 46.382577
15 10.311341 16.259377 39.796309
16 9.459402 10.670845 2.582378
17 -36.395647 -26.968134 116.712955
18 50.983989 41.693416 34.679554
