# generated k=18 dist=uniform tight=loose seed=0
# OPT 88.9862
# ROUTE 0 12 1 15 16 7 2 9 10 18 3 8 5 17 11 14 4 6 13 0
10.000000 1.000000
0.000000 0.000000
18
1 26.054863 -44.660884 178.233769
2 65.458004 7.112249 126.408243
3 -50.796183 61.790058 226.093854
4 -65.631452 -31.399658 93.906936
5 -84.576017 80.597068 234.010878
6 -74.471676 -82.734155 158.061181
7 58.428892 -37.070881 212.854267
8 -75.415667 79.580701 246.781196
9 65.620423 70.239593 87.954775
10 41.085482 64.200919 47.024069
11 -30.273269 18.847616 98.071100
12 27.223797 -43.520961 32.924506
13 -18.272526 -24.617767 144.165204
14 -58.200854 -2.986657 105.368694
15 29.075071 -70.123246 186.359170
16 49.202179 -63.941535 223.549520
17 -42.819633 20.022829 243.270194
18 -11.493414 52.000273 99.173068
