# generated k=18 dist=spiral tight=loose seed=1
# OPT 88.9531
# ROUTE 0 1 2 4 5 6 7 8 9 10 18 17 16 15 14 13 12 11 3 0
10.000000 1.000000
0.000000 0.000000
18
1 3.409937 -2.608321 105.294806
2 6.578896 5.963118 84.937053
3 -2.766941 15.886678 150.251090
4 -15.362012 11.788326 112.237633
5 -22.106844 -4.715785 215.288881
6 -27.299925 -22.950660 31.632399
7 -3.833438 -39.550317 212.864005
8 25.869233 -34.544303 191.548665
9 47.355718 -10.967118 35.694645
10 48.215332 24.595777 57.358512
11 19.291356 55.980775 198.950412
12 -24.705476 59.852416 210.268179
13 -64.821695 29.263515 192.510506
14 -74.157810 -19.065599 155.675139
15 -42.569757 -69.899179 196.168855
16 15.752494 -87.235449 49.440389
17 67.901803 -65.310842 95.974854
18 97.060910 2.217012 121.711578
