# generated k=18 dist=linear tight=tight seed=4
# OPT 87.0569
# ROUTE 0 9 16 7 3 2 4 6 15 14 10 1 18 13 5 11 12 8 17 0
10.000000 1.000000
0.000000 0.000000
18
1 -24.950399 -28.958456 77.113380
2 51.236939 56.068099 44.291501
3 -72.624687 -62.777602 25.673868
4 63.475368 60.613686 65.035139
5 -51.472572 -47.203263 119.772616
6 31.006157 28.812876 133.198797
7 -4.912994 -0.187093 53.891320
8 -26.287555 -19.692030 125.397951
9 10.521581 11.706956 4.684341
10 -16.366973 -16.137207 139.326478
11 -37.924938 -31.898466 114.617787
12 -34.455360 -30.924236 95.797130
13 -66.397727 -67.929500 102.179919
14 19.273190 10.647152 71.319662
15 24.303585 27.953941 88.591384
16 44.162511 45.200397 8.811944
17 -10.747826 -6.386731 111.759556
18 -35.839989 -38.155948 120.212815
